<?xml version="1.0" encoding="UTF-8" standalone="no" ?>
<TPPInPutXML xmlns:xsi="http://www.w3.org/2001/XMLSchema-instance" xsi:noNamespaceSchemaLocation="GTPPXMLInPut.xsd">

  <instanceName>E00_n76_u56</instanceName>

  <Comment>Problem instance cor MVTPP</Comment>

  <nNodes>20</nNodes>

  <nUsers>56</nUsers>

  <nodesMatrixCost>0 294 448 322 147 56 56 126 392 427 210 133 231 322 287 280 35 126 161 175 294 0 210 427 378 287 252 420 98 147 133 189 399 406 406 35 266 280 161 140 448 210 0 420 469 413 420 567 147 105 231 315 441 392 420 245 413 371 280 266 322 427 420 0 196 266 357 343 469 476 294 273 98 28 35 441 294 203 287 301 147 378 469 196 0 105 203 147 462 483 259 189 98 210 161 378 140 105 217 238 56 287 413 266 105 0 98 147 378 413 189 105 182 266 231 280 35 70 140 154 56 252 420 357 203 98 0 175 350 392 196 126 280 357 322 238 63 154 147 154 126 420 567 343 147 147 175 0 518 553 336 252 245 357 308 413 154 203 287 301 392 98 147 469 462 378 350 518 0 49 196 273 462 448 462 126 357 357 238 224 427 147 105 476 483 413 392 553 49 0 224 301 476 455 469 175 399 385 273 252 210 133 231 294 259 189 196 336 196 224 0 77 266 280 280 147 175 161 49 35 133 189 315 273 189 105 126 252 273 301 77 0 217 266 245 189 98 91 28 49 231 399 441 98 98 182 280 245 462 476 266 217 0 112 63 406 210 133 238 259 322 406 392 28 210 266 357 357 448 455 280 266 112 0 56 427 294 203 273 287 287 406 420 35 161 231 322 308 462 469 280 245 63 56 0 420 259 168 259 280 280 35 245 441 378 280 238 413 126 175 147 189 406 427 420 0 259 280 168 147 35 266 413 294 140 35 63 154 357 399 175 98 210 294 259 259 0 98 126 147 126 280 371 203 105 70 154 203 357 385 161 91 133 203 168 280 98 0 119 140 161 161 280 287 217 140 147 287 238 273 49 28 238 273 259 168 126 119 0 21 175 140 266 301 238 154 154 301 224 252 35 49 259 287 280 147 147 140 21 0</nodesMatrixCost>

  <usersMatrixCost>102 72 75 129 81 42 63 42 18 48 30 99 66 126 93 51 93 75 159 141 147 129 111 69 42 90 132 108 102 54 57 102 66 54 156 147 27 30 42 153 156 144 66 96 63 138 120 108 75 72 78 45 99 96 147 123 153 159 114 138 144 72 72 132 90 45 111 90 33 123 168 126 186 54 150 171 201 207 198 159 102 102 177 126 141 123 147 168 93 63 168 150 69 120 126 225 222 210 156 117 87 159 144 192 168 144 93 51 69 180 225 111 108 177 108 54 129 144 126 201 198 186 165 93 159 60 162 153 228 132 30 66 117 174 207 228 144 93 93 75 90 237 195 135 117 141 36 36 192 198 171 162 150 150 186 90 120 54 69 186 213 147 105 162 111 255 186 69 60 126 90 72 84 138 129 162 180 186 135 117 171 96 102 114 171 147 93 33 36 99 141 183 120 102 30 78 63 210 147 75 111 144 54 78 183 162 132 78 66 72 135 84 117 51 57 120 162 102 111 162 141 207 108 108 24 81 63 75 42 108 105 117 141 153 93 105 147 96 54 72 126 129 108 48 24 63 99 138 84 87 18 69 42 168 102 30 84 117 78 90 147 120 90 54 48 42 87 66 90 63 54 75 117 57 90 135 129 162 75 108 48 45 75 108 42 108 114 90 123 147 78 126 150 126 18 57 84 138 147 87 54 27 54 102 78 105 63 96 69 141 69 18 96 120 117 129 135 96 66 45 51 36 54 90 99 102 87 33 78 39 105 132 144 123 45 135 90 120 126 129 102 171 171 165 198 216 150 168 210 153 96 129 153 192 156 90 42 69 117 177 147 147 69 129 105 219 147 78 147 180 117 138 207 171 141 36 27 42 129 129 156 108 111 99 153 111 153 198 189 195 66 165 138 114 105 150 120 60 75 78 33 21 72 111 54 144 135 93 129 75 174 171 186 171 153 102 78 108 168 132 135 60 99 144 90 63 180 168 15 66 84 195 198 183 108 120 84 165 147 150 114 111 96 42 102 120 189 138 153 135 117 156 135 69 81 102 54 21 90 111 48 144 153 111 153 75 177 180 201 192 174 123 93 114 180 138 144 78 120 159 99 66 186 171 36 90 105 213 216 201 129 129 93 171 156 168 135 129 102 45 99 141 207 138 54 72 21 72 42 27 30 75 75 75 39 54 69 75 75 36 117 54 105 87 105 111 114 108 18 39 84 51 48 111 75 69 15 39 99 93 72 69 51 123 123 111 75 39 18 81 63 99 99 48 30 54 66 135 129 75 21 63 21 63 15 63 63 87 99 108 54 72 102 78 51 36 111 84 102 63 69 81 99 111 39 51 51 48 27 132 78 39 42 72 84 84 102 84 57 93 90 78 69 36 48 66 48 78 99 33 51 87 90 138 99 84 78 150 93 51 102 138 123 180 189 183 147 99 162 69 129 129 198 138 57 33 78 138 174 204 129 90 57 66 69 222 168 105 108 138 21 45 186 177 150 120 108 111 159 78 114 33 51 153 189 123 102 159 123 231 147 81 105 174 102 48 126 135 117 195 192 174 159 81 147 48 159 147 225 120 18 69 120 177 207 222 135 84 96 69 87 228 189 135 108 129 36 27 183 189 165 165 153 153 180 81 111 51 66 186 210 144 96 150 99 252 186 57 93 165 99 48 117 138 120 189 192 180 156 90 156 57 147 141 213 129 33 51 102 159 192 216 135 87 78 66 78 228 183 123 108 135 21 30 186 186 162 147 135 135 171 81 114 39 57 171 201 135 99 156 111 243 171 69 102 63 81 135 78 54 75 27 24 63 27 111 81 135 84 48 78 90 165 144 144 120 99 54 45 99 132 114 105 48 45 96 75 66 159 153 39 15 33 147 150 135 54 102 72 141 123 96 60 66 87 60 111 81 135 135 27 66 63 84 36 105 105 105 132 150 84 111 144 105 39 63 111 126 120 60 33 48 84 123 78 90 33 75 48 156 87 15 84 114 90 102 141 108 78 51 48 36 75 72 90 75 63 63 102 45 90 129 129 147 63 114 21 93 48 45 48 96 87 123 138 141 93 81 129 66 75 75 144 108 81 24 48 90 120 150 78 63 18 39 21 171 114 51 66 102 51 63 141 123 96 84 78 72 102 42 75 33 24 99 132 66 69 120 102 174 102 78 36 63 15 69 24 48 51 78 87 96 45 66 90 78 57 30 108 75 105 72 84 90 102 105 27 45 66 48 33 120 72 48 30 60 90 90 90 75 48 102 102 90 66 36 36 72 54 84 93 33 42 75 81 135 108 81 45 60 21 75 27 42 48 72 78 87 36 69 84 81 57 24 105 69 111 81 90 93 99 99 18 48 75 54 42 111 66 54 30 54 99 96 81 66 42 108 108 96 63 42 33 81 63 84 90 33 42 69 81 126 111 84</usersMatrixCost>

  <availabilityMatrix>false false false false false false false false true false false false false false false false false false false false false false false false false false false false false false false false false false false false false false false false false false false false false false false false false false false false false false false false false false false false false false false false false false false false true false false false false true false false false false false false false false false false false false false false false false false false false false false false false false false false false false false false false false false false false false false false false false false false false false false false false false false false false false false false false false false false false false false false false false false false false false false false false false false false false false false false false false false false false false false false false false false false false false false false false false false false false false false false false false false false false false false false false false false false false false false false false false false false false false false false false false false false false false false false false false false false false false false false false false false false false false false false false false false false false false false false false false false false false false false false false false false false true false false false false false true false false false false false false false false false false false false false false false false false false false false false false false false false false false false false false true false false false false false false false false false false false false true false false false false false false true true false false false false false false false false true false false false false false false false false false true true false false false false true false false false false false false true false false false false false false false false false false false false false false false false false false false false false false false false false false false false false false false false false false false false false false false false true true false false false false false false false false false false false false false false false false false false false false false false false false true false false false false false false false false false false false false false false false false false false false false false false false false false false true false false false false false false false false false false false false false false true false false false false false false false false false false false false false true false false false false false false false false false false false false false false false false false false false false false false false false false false false false false false false false false false false false false false false false false false false false false false false false false false false true true false false false false true false false false false false true false false false false false false true true false false false false false false true true false false false false false false false false false false true false false false false false true false true false false false true false false false true false false false false false false false false false false false false false false false false false false false false false false false false false false false false false false false false false false false false false false true false false false false false true false false false false false false false false false false false false false false false false false false false false false false false false false false false false false false false false false false false false false false false false true false false false false false false false false false false true false false false false false false false false false false false false false false false false false false false false false false false true false false false false true false false false false false false false false false false false false false false false false true false false false false false false false false false false false false false false false false false false false true false false false false false false false false false false false false false false false false false false false false false false false false false false false false false false false false false false true false false false false false false false false false false false false false false false false false false false false false false false false false false false false true false false true false false false false false true false false false false false false true false false false false false true true false false false false false false true true false false false true false false false false false true false false false false true false false false false false false false false false false false false false false false false false false false false false false false false false false false false false false false false false true false false false false false false false false false true false false false false false false false false false false false false false false true false false true false false false false false false false false false false false false false false false true false false false false false false true true true false false false false false false false false false false false false false false false false true true false false false false false false false false false false false true false false false false false false false false false false false false false false false false false false false false false false false false false false false false false false false false false false false false false false false false true false false false false false true false false false false false false false false false false false false false false false false false false false false false true false false false false false false false false true false false false false false false false false false false false false false false false false false false false false false false false false true false false false false false false</availabilityMatrix>

  <nodesCoords>22 22 40 60 70 64 64 4 36 6 30 20 20 30 15 5 50 70 57 72 45 42 38 33 50 4 66 8 59 5 35 60 27 24 40 20 40 37 40 40</nodesCoords>

  <usersCoords>36 26 21 45 45 35 55 20 33 34 50 50 55 45 26 59 40 66 55 65 35 51 62 35 62 57 62 24 21 36 33 44 9 56 62 48 66 14 44 13 26 13 11 28 7 43 17 64 41 46 55 34 35 16 52 26 43 26 31 76 22 53 26 29 50 40 55 50 54 10 60 15 47 66 30 60 30 50 12 17 15 14 16 19 21 48 50 30 51 42 50 15 48 21 12 38 15 56 29 39 54 38 55 57 67 41 10 70 6 25 65 27</usersCoords>

</TPPInPutXML>
