<?xml version="1.0" encoding="UTF-8" standalone="no" ?>
<TPPInPutXML xmlns:xsi="http://www.w3.org/2001/XMLSchema-instance" xsi:noNamespaceSchemaLocation="GTPPXMLInPut.xsd">

  <instanceName>E00_n51_u37</instanceName>

  <Comment>Problem instance cor MVTPP</Comment>

  <nNodes>14</nNodes>

  <nUsers>37</nUsers>

  <nodesMatrixCost>0 301 392 308 315 238 266 294 98 161 84 182 168 98 301 0 385 343 266 511 203 147 252 266 364 119 154 266 392 385 0 84 112 406 189 238 301 231 371 336 420 294 308 343 84 0 91 329 140 210 217 147 287 280 350 210 315 266 112 91 0 392 70 126 217 154 315 224 308 217 238 511 406 329 392 0 385 448 259 266 154 392 406 245 266 203 189 140 70 385 0 70 168 126 280 154 238 175 294 147 238 210 126 448 70 0 210 182 329 140 224 217 98 252 301 217 217 259 168 210 0 70 119 133 168 14 161 266 231 147 154 266 126 182 70 0 161 161 217 63 84 364 371 287 315 154 280 329 119 161 0 245 252 112 182 119 336 280 224 392 154 140 133 161 245 0 84 154 168 154 420 350 308 406 238 224 168 217 252 84 0 182 98 266 294 210 217 245 175 217 14 63 112 154 182 0</nodesMatrixCost>

  <usersMatrixCost>105 147 123 72 150 192 165 57 30 93 99 165 162 69 81 99 138 138 129 81 135 180 189 171 186 132 162 99 36 174 111 42 54 144 162 84 72 186 225 75 126 132 174 186 162 144 153 111 57 111 99 177 84 90 33 222 201 189 156 138 96 198 147 216 204 171 213 156 123 186 243 258 93 147 150 189 39 99 96 141 150 135 123 120 78 27 75 78 144 54 51 15 186 174 153 120 105 63 162 111 180 171 147 177 120 111 159 207 222 69 117 144 186 48 84 111 159 159 117 96 111 72 66 99 48 132 42 69 27 180 156 153 141 132 93 174 117 183 159 123 183 120 75 138 201 216 48 105 138 141 123 147 69 36 78 168 189 132 123 117 69 171 156 141 99 156 156 183 114 39 36 78 66 90 114 165 195 96 114 204 192 171 174 150 147 117 162 45 54 99 150 141 84 66 87 51 81 96 18 102 27 66 51 153 126 132 132 129 99 159 99 162 129 90 162 96 51 108 174 189 21 75 120 168 75 60 123 171 159 78 48 93 69 111 126 21 102 54 96 78 153 117 141 156 156 129 177 117 171 126 75 177 108 21 96 174 192 42 78 60 96 54 36 42 84 69 63 78 30 21 90 60 69 60 51 48 96 93 90 63 72 81 75 87 27 90 84 87 90 27 96 90 114 129 51 42 87 126 24 45 48 96 93 81 84 57 18 63 48 57 84 27 24 66 123 114 90 81 78 57 108 51 117 111 99 117 57 90 108 144 159 36 60 75 84 87 87 27 33 27 105 129 66 72 108 54 123 90 96 69 132 96 117 51 27 51 75 39 27 66 102 129 54 48 150 126 114 120 102 84 63 108 84 24 99 141 114 18 24 42 51 129 117 51 42 66 93 114 93 60 90 129 141 126 135 81 117 66 30 126 63 54 42 114 132 51 24 42 81 114 51 108 141 105 18 51 45 75 156 132 87 18 96 117 147 63 24 72 135 150 147 126 84 99 33 30 111 60 87 18 81 99 84 33 63 99 51 42 33 78 66 69 84 36 24 87 54 75 66 51 45 96 96 96 63 66 75 69 84 24 90 87 93 90 30 102 96 117 132 54 48</usersMatrixCost>

  <availabilityMatrix>false false false false false false false false false false false false false false false false false false false false false false false false false false false false false false false false false false false false false false false false false false false false false false false false false false false false false false false false false false false false false false false false false false false false false false false false false false false false false false false false false false false false false true false false false false false true false false false false false false false false false false false false false false false false false false false false false false false false false false false false false false false false false false false false false false false false false false false false false false false false false false false false false false false false false false false false false false false false false false false false false false false false false false false false false false true false false false false false false false false false false false false false false false false false false false false false false false false false false false true false true false false false false false false false false false false false false false false false false false false false true false false false false false false false false false false false false false false false false false false false false false false false false false false false false false false false false true false false false false false false false false false false false false false false true false false false false false false false false false false false false false false false false false false false false true false false false false false false false false true false false false false false false false true false true false false true true false false false false false false true false false false false false false false false false false false false false false false false false true true true false false false false false false false false false false false false false true true false false true false true false false true false false false false false false false false false false true false false false true true false false false false false false false false false false false false false false false false false false false true false false false false false false false true true true false false false false false true false false false false false false true false false false true true false false false false false false false true true false false false true true true false false false false false false false false false false false false false false false false false false false false false false false false false false false true false false false false false false false false false false false</availabilityMatrix>

  <nodesCoords>37 52 59 15 5 6 10 17 21 10 5 64 30 15 39 10 32 39 25 32 25 55 48 28 56 37 30 40</nodesCoords>

  <usersCoords>49 49 52 64 20 26 40 30 21 47 17 63 31 62 52 33 51 21 42 41 31 32 5 25 12 42 36 16 52 41 27 23 17 33 13 13 57 58 62 42 42 57 16 57 8 52 7 38 27 68 30 48 43 67 58 48 58 27 37 69 38 46 46 10 61 33 62 63 63 69 32 22 45 35</usersCoords>

</TPPInPutXML>
