<?xml version="1.0" encoding="UTF-8" standalone="no" ?>
<TPPInPutXML xmlns:xsi="http://www.w3.org/2001/XMLSchema-instance" xsi:noNamespaceSchemaLocation="GTPPXMLInPut.xsd">

  <instanceName>D00_n26_u12</instanceName>

  <Comment>Problem instance cor MVTPP</Comment>

  <nNodes>14</nNodes>

  <nUsers>12</nUsers>

  <nodesMatrixCost>0 27 36 19 31 28 46 21 27 7 22 29 33 19 27 0 35 40 24 10 29 48 50 34 16 11 6 30 36 35 0 30 11 25 23 47 37 41 46 46 36 53 19 40 30 0 31 36 48 18 10 19 39 45 45 37 31 24 11 31 0 14 17 46 40 37 36 35 25 45 28 10 25 36 14 0 20 47 46 35 24 21 11 36 46 29 23 48 17 20 0 63 57 53 44 39 26 57 21 48 47 18 46 47 63 0 17 15 41 49 54 32 27 50 37 10 40 46 57 17 0 25 48 55 55 44 7 34 41 19 37 35 53 15 25 0 26 34 40 19 22 16 46 39 36 24 44 41 48 26 0 9 21 16 29 11 46 45 35 21 39 49 55 34 9 0 14 25 33 6 36 45 25 11 26 54 55 40 21 14 0 36 19 30 53 37 45 36 57 32 44 19 16 25 36 0</nodesMatrixCost>

  <usersMatrixCost>38 46 18 30 10 22 28 41 44 30 21 18 35 51 19 15 34 51 46 23 16 26 17 32 9 23 35 16 32 41 30 8 20 10 23 50 34 48 8 15 25 41 39 27 24 23 10 22 36 47 8 23 15 30 32 35 36 26 14 14 51 64 15 32 35 50 52 44 39 40 26 14 12 8 49 33 38 40 26 25 37 23 37 62 15 24 45 25 41 50 37 13 24 20 33 59 11 12 38 27 23 26 12 26 37 16 27 49 34 37 31 36 11 6 16 43 50 31 29 34 41 46 29 39 14 14 25 48 53 36 30 27 43 52 18 34 17 27 34 45 47 35 25 13 29 25 43 40 22 11 7 43 53 31 36 48</usersMatrixCost>

  <availabilityMatrix>false false false false true false false false false false false false false false false true false false false false true false false false true false false false false false false true false true false false false false true true false false false false false false true false false false true false false false false false false false false false false false false false false false false false false false false false false true false false false false false false false false false false false false false false false false false false false false false false false false false false false false false false false false false false false false false false false true false false false false false false false false false false false false false false false false false false false false false false false false false false false false false true false false false false false false true false false false false false</availabilityMatrix>

  <nodesCoords>37 52 12 42 36 16 52 41 27 23 17 33 13 13 57 58 62 42 42 57 16 57 8 52 7 38 27 68</nodesCoords>

  <usersCoords>49 49 52 64 20 26 40 30 21 47 17 63 31 62 52 33 51 21 42 41 31 32 5 25</usersCoords>

</TPPInPutXML>
