<?xml version="1.0" encoding="UTF-8" standalone="no" ?>
<TPPInPutXML xmlns:xsi="http://www.w3.org/2001/XMLSchema-instance" xsi:noNamespaceSchemaLocation="GTPPXMLInPut.xsd">

  <instanceName>E00_n26_u18</instanceName>

  <Comment>Problem instance cor MVTPP</Comment>

  <nNodes>8</nNodes>

  <nUsers>18</nUsers>

  <nodesMatrixCost>0 147 189 49 154 203 231 133 147 0 119 105 287 343 378 224 189 119 0 175 336 385 385 308 49 105 175 0 182 238 280 133 154 287 336 182 0 63 147 112 203 343 385 238 63 0 98 175 231 378 385 280 147 98 0 252 133 224 308 133 112 175 252 0</nodesMatrixCost>

  <usersMatrixCost>36 24 147 99 114 120 78 75 111 69 111 186 144 141 54 138 141 189 45 72 135 75 123 150 111 39 72 60 99 177 150 111 30 120 138 171 33 36 114 81 69 78 36 78 111 48 81 147 102 123 57 111 105 159 102 111 93 108 33 18 48 129 150 93 87 102 48 138 117 108 72 132 123 138 87 117 42 42 75 144 159 108 90 81 33 138 135 105 63 117 129 156 54 102 51 81 102 135 141 105 75 39 18 108 135 75 33 78 87 75 129 120 66 33 21 129 159 93 108 144 90 159 111 135 108 171</usersMatrixCost>

  <availabilityMatrix>false true false false false false false false false false false false false false false false false false false false false true false false false true true false false false false false true false false false true false false false false false false false false true false false false false false false false false false false false false true true false false false false false false false false false false false false false false false false false false false false false false false false false false false false false false false false true false false false false false false false true true true true false true true true false false false false false false true false false false false false false false false false false false</availabilityMatrix>

  <nodesCoords>37 52 57 58 62 42 42 57 16 57 8 52 7 38 27 68</nodesCoords>

  <usersCoords>49 49 52 64 20 26 40 30 21 47 17 63 31 62 52 33 51 21 42 41 31 32 5 25 12 42 36 16 52 41 27 23 17 33 13 13</usersCoords>

</TPPInPutXML>
