<?xml version="1.0" encoding="UTF-8" standalone="no" ?>
<TPPInPutXML xmlns:xsi="http://www.w3.org/2001/XMLSchema-instance" xsi:noNamespaceSchemaLocation="GTPPXMLInPut.xsd">

  <instanceName>B_n26_u18</instanceName>

  <Comment>Problem instance cor MVTPP</Comment>

  <nNodes>26</nNodes>

  <nUsers>18</nUsers>

  <nodesMatrixCost>0 21 27 7 22 29 33 19 8 16 21 33 17 6 43 31 27 31 30 19 43 56 44 45 34 38 21 0 17 15 41 49 54 32 29 17 10 31 23 22 49 25 7 13 44 26 43 74 62 60 52 51 27 17 0 25 48 55 55 44 33 31 7 16 37 24 36 9 21 27 36 18 27 67 58 52 61 42 7 15 25 0 26 34 40 19 15 10 18 34 13 12 47 31 21 24 36 22 45 63 51 51 38 44 22 41 48 26 0 9 21 16 17 29 43 52 24 25 56 51 46 49 38 36 60 52 40 47 13 44 29 49 55 34 9 0 14 25 22 38 50 56 34 31 57 56 55 58 38 41 63 46 35 44 12 43 33 54 55 40 21 14 0 36 25 46 52 52 43 32 48 54 60 64 30 38 57 32 21 31 26 33 19 32 44 19 16 25 36 0 20 16 37 51 10 25 61 49 35 36 46 38 62 66 54 58 22 53 8 29 33 15 17 22 25 20 0 23 28 35 22 8 41 34 35 39 26 20 44 49 37 39 30 33 16 17 31 10 29 38 46 16 23 0 24 43 6 22 57 38 19 20 46 32 54 72 60 61 38 54 21 10 7 18 43 50 52 37 28 24 0 21 30 20 40 15 16 22 37 18 33 68 57 53 55 43 33 31 16 34 52 56 52 51 35 43 21 0 47 28 21 7 36 42 26 15 12 57 49 41 65 30 17 23 37 13 24 34 43 10 22 6 30 47 0 23 60 43 26 26 47 35 58 71 59 61 32 54 6 22 24 12 25 31 32 25 8 22 20 28 23 0 37 26 29 34 25 13 37 52 40 40 38 32 43 49 36 47 56 57 48 61 41 57 40 21 60 37 0 27 55 61 18 25 14 41 37 25 68 17 31 25 9 31 51 56 54 49 34 38 15 7 43 26 27 0 30 36 31 16 18 62 53 46 64 36 27 7 21 21 46 55 60 35 35 19 16 36 26 29 55 30 0 6 51 33 48 81 69 67 57 58 31 13 27 24 49 58 64 36 39 20 22 42 26 34 61 36 6 0 56 38 54 86 74 72 58 63 30 44 36 36 38 38 30 46 26 46 37 26 47 25 18 31 51 56 0 18 28 31 23 16 50 7 19 26 18 22 36 41 38 38 20 32 18 15 35 13 25 16 33 38 18 0 24 49 39 35 49 25 43 43 27 45 60 63 57 62 44 54 33 12 58 37 14 18 48 54 28 24 0 55 49 38 73 29 56 74 67 63 52 46 32 66 49 72 68 57 71 52 41 62 81 86 31 49 55 0 12 16 58 27 44 62 58 51 40 35 21 54 37 60 57 49 59 40 37 53 69 74 23 39 49 12 0 13 47 20 45 60 52 51 47 44 31 58 39 61 53 41 61 40 25 46 67 72 16 35 38 16 13 0 56 10 34 52 61 38 13 12 26 22 30 38 55 65 32 38 68 64 57 58 50 49 73 58 47 56 0 55 38 51 42 44 44 43 33 53 33 54 43 30 54 32 17 36 58 63 7 25 29 27 20 10 55 0</nodesMatrixCost>

  <usersMatrixCost>12 8 0 33 38 40 26 25 37 23 37 62 48 47 18 46 47 63 15 24 45 0 41 50 37 13 24 20 33 59 50 37 10 40 46 57 11 12 38 27 0 26 12 26 37 16 27 49 34 41 19 37 35 53 34 37 31 36 11 0 16 43 50 31 29 34 16 46 39 36 24 44 41 46 29 39 14 14 0 48 53 36 30 27 11 46 45 35 21 39 43 52 18 34 17 27 34 0 47 35 25 13 6 36 45 25 11 26 29 25 43 40 22 11 7 43 0 31 36 48 30 53 37 45 36 57 19 27 24 21 9 20 14 27 34 0 16 34 19 33 23 25 20 39 19 9 47 37 30 26 13 35 47 26 0 57 40 51 28 47 43 62 9 17 44 25 37 44 30 16 28 17 31 0 46 39 9 40 44 57 24 37 38 18 42 55 44 8 9 21 27 53 0 25 15 31 41 47 23 16 46 39 27 21 9 39 50 28 37 54 37 0 32 47 41 61 11 23 27 16 17 27 17 19 28 6 16 39 26 30 0 25 25 41 39 54 31 21 45 60 54 24 12 31 27 44 47 12 32 0 37 33 20 32 42 21 42 53 42 9 16 21 30 57 50 30 12 35 0 52 19 10 56 40 44 45 31 32 43 30 44 69 54 54 24 53 54 0 24 12 61 45 47 46 33 38 49 35 49 73 58 59 30 58 58 75 32 47 13 11 27 44 40 23 19 21 10 27 28 7 28 5 19 21 15 30 27 7 27 40 30 7 15 7 14 41 34 21 9 22 28 39 35 49 41 24 50 64 55 19 10 31 33 55 54 23 27 33 46 46 62 75 25 42 44 58 62 54 48 51 37 19 37 33 59 28 30 11 50 63 13 33 32 47 50 45 41 40 26 9 25 26 48 18 17 5 48 62 16 28 37 53 53 39 32 37 24 22 33 16 44 14 23 9 46 47 41 49 23 12 26 56 63 44 41 39 23 57 52 47 33 52 39 54 15 18 33 50 47 28 22 29 17 27 32 6 34 9 22 17</usersMatrixCost>

  <availabilityMatrix>false true true false false false false false false false false false false false false false false false false false false true false false false false false false false false false false false false false false false false false false true false false false false false false false false false false false false false false false false false false true false false false false false false false false false false false false false false false false false false true false false false false false false false false false false false false false false false false false false true false false false false true false false false false false false false false false false false false false true false false false false false false false false false false false false false false false false false false true false false false false false false false false false false false false false false false false false false true false false false false false false false true false false false false false false false false false false true false false false false false false false false false false false false false false false false false false true false false false false false false false false false false false false false false false false false false true false false false false false false false false false false false false false true false false false false true false false false false false false false false false false false false false false false false false false true false false false false false false false false false false false false false false false false false false true false false false false false false false false false false false false false false false false false false true false false false false false false false false false false false false false false false false false false false false false false false false false false false false false false false false false true false false false false false false false false false false false false false false false false false false false false false false false false false false false false false false false false false false false false false false false false false false false false false false false false false false false false false false false false false false false false false false false false false false false false false false false false false true false false false false false false false false false false false false false false false false false false false false false false false false false false false false false false false false false false false false false false false false false false false false false false false false false true false false false false</availabilityMatrix>

  <nodesCoords>37 52 57 58 62 42 42 57 16 57 8 52 7 38 27 68 30 48 43 67 58 48 58 27 37 69 38 46 46 10 61 33 62 63 63 69 32 22 45 35 59 15 5 6 10 17 21 10 5 64 30 15</nodesCoords>

  <usersCoords>49 49 52 64 20 26 40 30 21 47 17 63 31 62 52 33 51 21 42 41 31 32 5 25 12 42 36 16 52 41 27 23 17 33 13 13</usersCoords>

</TPPInPutXML>
