<?xml version="1.0" encoding="UTF-8" standalone="no" ?>
<TPPInPutXML xmlns:xsi="http://www.w3.org/2001/XMLSchema-instance" xsi:noNamespaceSchemaLocation="GTPPXMLInPut.xsd">

  <instanceName>G00_n176_u131</instanceName>

  <Comment>Problem instance cor MVTPP</Comment>

  <nNodes>45</nNodes>

  <nUsers>131</nUsers>

  <nodesMatrixCost>0 97 64 125 35 70 46 89 136 77 69 113 122 132 101 34 119 40 174 52 165 109 52 122 128 120 23 127 140 93 121 71 8 86 75 40 65 79 73 36 76 74 39 119 82 97 0 145 37 63 37 138 138 195 103 81 169 60 109 141 63 44 125 135 145 124 90 136 154 171 110 82 31 56 102 78 26 92 107 39 114 141 72 26 126 21 112 134 56 58 64 145 0 179 87 128 25 49 77 68 78 58 146 130 63 89 177 84 171 75 165 113 91 83 80 113 86 177 196 85 135 123 72 74 111 31 107 143 119 76 124 56 38 145 145 125 37 179 0 93 56 169 175 232 140 118 205 88 141 178 92 18 146 162 168 151 124 155 191 207 144 106 17 19 138 109 56 119 144 76 148 157 74 61 149 55 148 164 84 60 35 63 87 93 0 42 76 94 149 68 51 122 90 110 102 5 90 69 149 86 140 86 81 121 132 102 28 93 110 78 93 37 32 76 42 56 91 66 38 69 41 71 72 87 63 70 37 128 56 42 0 115 133 189 103 83 163 90 129 140 39 49 91 162 113 151 106 101 157 170 125 51 61 70 108 102 19 64 110 49 98 105 39 31 94 26 109 109 86 28 46 138 25 169 76 115 0 70 101 79 83 82 149 142 84 76 164 59 184 50 177 122 66 105 104 126 68 169 185 97 141 113 53 86 108 30 82 124 112 51 116 69 13 147 128 89 138 49 175 94 133 70 0 57 37 57 30 119 88 14 98 177 122 127 119 123 77 131 35 39 71 107 168 194 49 102 122 96 37 99 50 147 160 114 114 120 26 81 119 157 136 195 77 232 149 189 101 57 0 94 114 27 172 131 57 152 234 161 162 150 161 128 168 55 36 115 157 225 251 101 153 179 144 92 157 97 183 212 171 152 178 84 115 173 211 77 103 68 140 68 103 79 37 94 0 21 67 83 63 38 73 144 116 105 120 98 45 127 54 68 47 89 132 159 18 68 89 81 9 64 50 141 134 80 110 87 13 86 83 129 69 81 78 118 51 83 83 57 114 21 0 88 68 64 60 56 122 108 105 117 97 41 120 75 90 52 75 111 137 27 58 68 71 27 42 52 133 116 59 104 65 31 87 67 109 113 169 58 205 122 163 82 30 27 67 88 0 147 110 32 126 208 140 145 132 142 104 148 38 25 93 133 198 224 76 129 152 120 66 130 73 164 187 144 132 151 57 95 148 185 122 60 146 88 90 90 149 119 172 83 68 147 0 56 116 94 101 159 75 174 64 46 171 121 140 64 117 73 106 71 23 72 121 82 48 119 180 128 61 158 64 96 151 4 116 132 109 130 141 110 129 142 88 131 63 64 110 56 0 79 115 153 172 42 180 35 24 184 76 96 17 137 128 160 45 33 111 134 56 80 112 197 167 98 168 104 74 148 59 157 101 141 63 178 102 140 84 14 57 38 60 32 116 79 0 107 182 135 116 133 112 72 145 22 30 62 118 170 197 44 97 127 107 35 102 63 160 168 118 128 125 31 95 116 165 34 63 89 92 5 39 76 98 152 73 56 126 94 115 107 0 88 66 154 84 144 91 78 126 137 107 23 93 109 83 97 37 29 81 45 59 87 62 40 66 42 75 72 90 59 119 44 177 18 90 49 164 177 234 144 122 208 101 153 182 88 0 136 176 159 165 134 144 197 212 154 99 34 22 144 121 56 112 149 81 146 144 60 64 140 57 151 158 97 46 40 125 84 146 69 91 59 122 161 116 108 140 159 172 135 66 136 0 213 24 205 149 12 157 160 160 44 152 158 132 160 99 39 124 111 72 26 82 105 9 106 110 46 156 91 174 135 171 162 149 162 184 127 162 105 105 145 75 42 116 154 176 213 0 222 11 64 225 107 126 58 176 146 179 87 59 143 175 98 114 154 238 200 131 209 136 116 190 79 189 52 145 75 168 86 113 50 119 150 120 117 132 174 180 133 84 159 24 222 0 214 158 21 154 154 166 63 173 181 138 172 119 54 128 127 72 35 106 123 19 125 113 38 171 115 165 124 165 151 140 151 177 123 161 98 97 142 64 35 112 144 165 205 11 214 0 56 216 106 125 52 167 136 168 80 48 132 166 92 103 147 228 189 120 201 125 110 183 68 178 109 90 113 124 86 106 122 77 128 45 41 104 46 24 72 91 134 149 64 158 56 0 161 75 95 20 113 112 143 29 25 88 111 41 57 92 173 143 76 145 82 58 128 48 134 52 136 91 155 81 101 66 131 168 127 120 148 171 184 145 78 144 12 225 21 216 161 0 166 169 171 55 162 166 143 172 110 51 136 123 82 16 89 116 17 117 121 53 168 99 122 154 83 191 121 157 105 35 55 54 75 38 121 76 22 126 197 157 107 154 106 75 166 0 20 61 138 182 210 53 100 143 128 48 116 85 182 187 133 149 140 50 117 123 183 128 171 80 207 132 170 104 39 36 68 90 25 140 96 30 137 212 160 126 154 125 95 169 20 0 81 147 199 227 71 120 157 135 64 132 89 184 198 148 152 155 62 117 142 195 120 110 113 144 102 125 126 71 115 47 52 93 64 17 62 107 154 160 58 166 52 20 171 61 81 0 127 132 163 29 41 107 123 40 76 97 185 162 95 155 102 58 133 66 153 23 82 86 106 28 51 68 107 157 89 75 133 117 137 118 23 99 44 176 63 167 113 55 138 147 127 0 110 120 102 120 56 15 97 69 60 63 57 61 45 62 88 60 114 60 127 31 177 17 93 61 169 168 225 132 111 198 73 128 170 93 34 152 146 173 136 112 162 182 199 132 110 0 33 128 95 56 121 135 69 146 165 86 57 154 52 142 165 69 72 140 56 196 19 110 70 185 194 251 159 137 224 106 160 197 109 22 158 179 181 168 143 166 210 227 163 120 33 0 158 127 74 134 163 95 166 166 81 80 162 74 168 179 102 68 93 102 85 138 78 108 97 49 101 18 27 76 71 45 44 83 144 132 87 138 80 29 143 53 71 29 102 128 158 0 54 92 96 12 64 67 157 142 82 127 88 30 104 72 136 121 78 135 109 93 102 141 102 153 68 58 129 23 33 97 97 121 160 59 172 48 25 172 100 120 41 120 95 127 54 0 84 121 65 55 111 183 141 72 157 77 81 145 26 130 71 26 123 56 37 19 113 122 179 89 68 152 72 111 127 37 56 99 143 119 132 88 110 143 157 107 56 56 74 92 84 0 66 95 31 92 116 57 12 100 8 96 109 68 47 8 92 72 119 32 64 53 96 144 81 71 120 121 134 107 29 112 39 175 54 166 111 51 128 135 123 15 121 134 96 121 66 0 90 73 47 63 72 69 37 71 79 46 118 75 86 107 74 144 76 110 86 37 92 9 27 66 82 56 35 81 149 124 98 128 92 41 136 48 64 40 97 135 163 12 65 95 90 0 68 57 150 142 85 119 92 18 94 82 136 75 39 111 76 42 49 108 99 157 64 42 130 48 80 102 45 81 111 114 127 103 57 123 116 132 76 69 69 95 64 55 31 73 68 0 81 132 87 19 110 25 73 108 45 77 40 114 31 148 56 98 30 50 97 50 52 73 119 112 63 59 146 72 154 72 147 92 82 85 89 97 60 146 166 67 111 92 47 57 81 0 97 116 88 65 94 41 37 118 117 65 141 107 157 91 105 82 147 183 141 133 164 180 197 160 87 144 26 238 35 228 173 16 182 184 185 63 165 166 157 183 116 63 150 132 97 0 86 123 33 123 136 69 177 98 79 72 143 74 66 39 124 160 212 134 116 187 128 167 168 62 60 82 200 106 189 143 89 187 198 162 57 86 81 142 141 57 72 142 87 116 86 0 69 88 65 137 115 124 14 73 26 119 61 38 31 112 114 171 80 59 144 61 98 118 40 64 105 131 123 120 76 116 133 148 95 61 57 80 82 72 12 69 85 19 88 123 69 0 105 7 88 109 57 59 36 126 76 149 69 94 51 114 152 110 104 132 158 168 128 66 140 9 209 19 201 145 17 149 152 155 45 154 162 127 157 100 37 119 110 65 33 88 105 0 107 104 38 155 96 76 21 124 55 41 26 116 120 178 87 65 151 64 104 125 42 57 106 136 125 125 82 117 140 155 102 62 52 74 88 77 8 71 92 25 94 123 65 7 107 0 94 113 60 53 74 112 56 148 71 109 69 26 84 13 31 57 96 74 31 75 151 110 116 113 110 58 121 50 62 58 88 142 168 30 81 96 79 18 73 41 136 137 88 104 94 0 77 95 133 39 134 38 164 72 109 13 81 115 86 87 95 151 148 95 72 158 46 190 38 183 128 53 117 117 133 60 165 179 104 145 109 46 94 108 37 69 115 109 38 113 77 0 149 120 119 56 145 84 87 86 147 119 173 83 67 148 4 59 116 90 97 156 79 171 68 48 168 123 142 66 114 69 102 72 26 68 118 82 45 118 177 124 57 155 60 95 149 0 112 82 58 145 60 63 28 128 157 211 129 109 185 116 157 165 59 46 91 189 115 178 134 99 183 195 153 60 72 68 136 130 47 75 136 77 117 98 14 59 96 53 133 120 112 0</nodesMatrixCost>

  <usersMatrixCost>211 124 68 131 144 41 98 81 132 90 86 151 128 64 40 50 63 134 128 21 134 59 54 53 78 128 125 119 15 132 186 31 147 133 130 147 48 61 53 58 29 90 73 56 81 86 67 56 155 107 23 35 163 125 67 67 99 141 24 28 162 76 83 101 161 72 21 169 82 162 190 126 112 88 28 161 100 35 140 81 129 85 145 57 28 129 147 112 142 162 98 33 85 125 128 105 3 61 160 137 109 44 78 83 17 167 72 160 22 27 45 94 79 120 142 70 55 70 127 56 154 66 71 151 107 72 62 66 172 168 94 83 70 77 71 1 106 78 65 89 119 98 8 108 153 112 96 161 20 24 164 49 124 134 165 87 85 46 102 160 19 53 149 35 102 128 69 107 110 106 171 169 134 95 112 149 132 145 139 13 153 159 112 39 30 149 120 101 74 127 172 17 84 124 73 60 137 151 56 74 67 62 29 37 67 122 85 155 150 11 136 67 86 57 92 126 169 96 162 104 17 147 158 139 163 99 41 148 162 65 59 87 109 145 71 140 107 163 72 165 170 132 51 141 83 67 78 165 76 142 128 104 97 75 20 71 77 183 138 26 24 108 247 148 102 168 178 78 135 114 152 102 106 184 143 89 68 84 55 166 163 29 171 92 85 41 115 149 154 154 28 164 222 36 183 169 163 172 85 81 78 43 37 96 96 92 109 118 68 86 187 136 20 67 193 156 66 81 116 164 52 25 196 103 116 126 187 78 29 206 110 199 226 162 144 125 57 198 127 37 175 87 166 109 171 88 64 156 184 139 159 196 127 54 115 152 164 138 34 82 197 174 130 72 80 120 51 185 94 196 30 29 77 128 83 141 179 106 74 103 159 89 172 90 104 183 132 108 38 96 205 201 110 161 65 15 97 86 34 70 24 78 58 40 91 81 97 25 17 78 73 74 83 91 72 77 80 56 73 63 102 78 71 134 62 97 113 124 87 45 30 21 86 90 68 25 59 104 97 66 82 94 122 73 27 101 63 69 44 53 82 41 91 104 19 89 43 99 61 65 123 21 121 139 74 51 49 36 127 119 64 84 65 93 31 83 5 53 145 121 130 91 103 113 85 100 139 108 45 65 101 118 97 56 22 70 46 63 113 108 121 84 89 70 36 68 64 104 33 100 13 129 74 101 20 13 90 48 35 98 88 113 108 53 203 92 54 133 127 45 102 65 98 53 51 132 91 95 18 39 40 113 115 56 130 81 80 39 84 94 99 130 50 112 175 21 138 143 147 116 58 26 23 45 66 54 40 73 109 109 35 84 135 133 36 24 139 103 36 31 63 109 17 61 145 47 104 71 132 37 27 163 56 160 181 116 92 85 16 164 128 22 125 46 130 53 116 37 49 156 154 140 107 145 124 69 110 151 138 87 38 95 157 136 75 20 45 81 48 132 105 159 57 62 71 78 45 86 142 66 91 54 148 80 119 35 54 130 77 69 56 93 154 149 58 107 45 70 89 25 101 89 58 64 98 78 23 84 156 100 88 144 8 39 158 69 127 136 150 92 61 22 117 152 11 77 136 58 119 144 45 105 93 92 155 163 113 78 114 155 140 127 141 23 163 149 103 27 12 131 102 79 49 117 166 38 68 131 52 40 118 140 81 59 91 86 45 26 72 112 108 164 137 33 116 85 67 33 81 122 181 117 172 79 38 156 155 146 175 116 34 140 164 88 80 64 97 125 75 135 83 167 95 159 164 133 46 121 59 88 78 166 68 156 130 79 81 67 15 49 77 168 142 43 35 86 73 108 80 23 48 97 46 71 129 143 122 56 145 125 115 95 172 62 31 154 4 98 109 172 63 124 85 57 150 59 53 152 17 54 82 114 91 123 115 178 155 157 112 90 116 97 160 113 61 113 157 111 88 68 163 137 129 117 126 162 53 101 90 102 108 154 150 31 92 27 53 26 63 50 122 39 117 154 38 156 20 109 102 98 113 126 48 121 145 52 109 140 104 120 52 60 141 136 24 11 119 114 163 55 127 152 134 28 154 158 111 62 160 119 18 69 141 81 97 103 147 111 81 69 103 67 189 109 62 67 134 19 147 135 69 77 154 101 125 166 192 171 79 185 178 171 151 227 96 76 211 61 153 164 228 120 162 122 100 207 95 29 208 52 89 117 144 149 177 170 234 211 207 164 146 165 146 214 167 81 156 214 168 105 106 217 189 176 150 183 219 66 153 140 147 131 207 207 26 143 36 17 75 108 107 179 50 162 211 72 208 69 158 132 153 170 163 73 163 180 65 155 196 153 158 90 108 198 189 38 59 163 170 215 112 184 181 185 41 211 215 167 114 212 159 57 126 195 136 133 158 179 164 135 92 147 124 245 162 66 76 182 110 104 53 30 67 62 10 49 124 124 104 76 136 89 85 64 143 72 44 117 34 62 72 141 26 119 86 40 114 68 90 119 50 47 66 118 55 99 89 148 118 136 91 53 82 65 133 77 81 85 123 80 104 72 136 113 114 118 93 125 80 81 56 91 118 129 117 68 74 59 90 39 60 19 90 60 87 123 57 133 27 91 107 71 76 102 53 94 140 79 79 103 72 96 42 53 105 99 57 35 109 85 138 23 91 154 99 57 117 122 74 47 136 112 39 37 104 56 77 66 146 88 56 85 94 35 157 74 89 91 117 131 98 37 51 77 41 19 38 117 109 90 85 126 75 65 44 123 76 55 96 54 46 56 121 9 112 84 51 93 73 108 98 68 62 74 115 34 81 70 127 98 120 76 35 72 58 114 61 90 82 101 59 109 73 117 95 102 114 72 104 92 67 49 82 119 111 95 89 62 81 110 52 60 11 69 81 81 102 69 116 48 78 107 53 56 102 72 90 132 91 74 84 64 96 57 51 84 84 79 56 99 65 120 9 70 149 85 78 97 101 56 41 118 104 61 18 88 41 82 50 140 72 41 92 86 16 136 60 102 102 103 43 126 109 45 58 127 75 99 146 168 146 62 164 153 145 124 200 76 52 184 34 127 138 202 93 142 102 78 181 74 30 181 27 69 99 127 122 151 144 208 185 182 139 120 142 123 188 142 65 135 187 141 92 85 191 164 153 132 156 192 52 128 116 124 117 181 181 2 118 16 25 49 85 81 152 36 141 184 50 183 44 133 115 127 143 145 56 143 161 51 133 170 130 139 70 84 171 164 15 34 140 143 190 86 158 165 161 22 184 189 141 88 186 138 33 99 170 110 115 132 162 139 109 76 124 97 219 137 57 65 158 190 153 84 103 145 56 73 94 168 139 127 153 170 7 82 73 123 143 123 59 116 22 13 113 59 163 145 77 60 139 172 91 133 92 78 174 46 106 95 119 52 143 111 35 21 32 124 8 158 48 81 72 176 138 125 117 141 170 73 64 160 109 34 132 182 127 82 149 109 136 172 119 123 79 75 128 40 95 137 135 103 121 168 87 42 69 109 52 181 159 39 34 28 65 88 115 62 17 135 114 145 85 135 75 44 203 18 132 58 60 20 103 135 154 115 71 23 88 72 18 191 105 89 159 138 72 121 11 170 170 139 150 162 98 66 129 85 53 101 181 168 151 137 189 58 115 97 167 134 106 113 86 50 56 160 56 176 147 32 113 131 139 137 105 43 22 178 71 137 125 166 108 176 135 56 40 24 164 56 143 25 132 106 166 134 165 150 163 177 113 119 139 128 26 145 180 164 129 112 125 96 135 101 121 73 113 82 31 141 119 171 69 140 169 110 83 39 60 33 196 138 24 90 29 33 41 113 111 69 95 79 162 117 172 72 92 213 61 90 112 115 64 105 171 168 77 79 77 102 19 53 204 130 103 148 150 78 171 46 149 152 164 75 122 87 13 63 101 44 80 142 154 133 70 158 121 122 101 179 76 45 155 15 96 107 179 64 138 99 47 152 73 60 157 30 41 71 128 93 132 123 185 155 167 122 89 110 91 168 110 75 104 161 117 102 82 171 146 141 131 131 163 67 111 84 114 123 163 155 34 103 21 57 40 76 55 127 26 109 160 52 166 13 119 117 106 115 115 33 112 158 65 101 140 98 110 41 72 144 132 19 5 132 121 172 60 129 167 129 19 155 160 110 72 169 132 4 74 138 89 86 101 161 121 89 83 116 72 195 105 74 80 145 165 62 20 102 88 37 75 27 74 53 36 93 76 100 24 21 74 74 77 84 95 76 81 77 61 70 63 107 78 73 137 60 100 118 129 85 49 26 18 83 91 63 20 64 108 101 62 86 96 127 72 28 101 64 65 39 49 80 41 91 106 15 93 40 98 57 64 126 19 125 143 78 52 54 36 132 124 62 86 60 98 27 82 7 56 149 126 135 87 106 118 87 105 143 113 48 65 104 122 102 52 21 66 51 65 110 112 125 85 90 74 39 63 61 109 38 103 17 134 78 98 15 18 91 46 40 95 92 115 109 48 249 139 101 173 176 81 140 113 141 89 96 181 130 103 65 83 39 162 162 44 174 103 97 24 120 139 148 162 41 161 222 28 184 177 174 163 90 73 72 26 53 82 88 100 122 129 53 98 184 149 22 66 188 152 51 70 105 155 52 42 194 96 127 119 179 64 27 208 105 203 227 162 141 127 56 203 141 28 173 73 171 101 163 85 72 170 191 153 147 194 140 68 127 166 172 136 41 97 200 178 120 68 65 122 60 173 109 201 45 45 88 126 68 131 183 109 90 101 171 100 160 84 102 179 124 111 21 108 203 198 98 166 14 77 136 84 103 122 71 8 51 40 82 25 166 85 86 105 64 91 146 120 141 146 116 116 4 38 155 139 66 136 110 114 162 181 29 113 65 72 119 154 64 52 127 172 163 87 152 82 188 127 92 67 55 91 66 31 20 101 152 97 51 154 28 49 76 118 139 50 146 146 95 59 100 97 160 186 109 90 71 132 40 35 73 122 210 164 197 24 97 180 153 167 203 158 64 126 170 144 130 16 81 81 100 130 43 177 149 147 152 140 69 76 5 138 94 170 72 190 143 32 59 72 71 23 95 133 157 101 91 39 181 204 138 104 170 120 95 142 222 205 190 178 229 73 150 135 197 176 147 133 125 81 82 188 97 217 189 70 135 173 174 166 144 75 46 220 107 173 161 194 125 212 174 91 54 53 196 79 184 28 157 140 208 176 198 186 202 219 145 137 179 168 61 186 222 198 157 147 165 129 169 142 163 115 145 112 35 170 160 206 107 180 211 148 113 6 89 23 237 178 38 108 52 11 75 155 137 81 129 117 202 152 206 114 118 255 69 123 132 133 91 146 206 209 113 119 89 142 30 82 245 168 143 189 191 119 196 69 188 192 202 153 22 90 136 75 119 128 82 22 74 63 71 43 181 105 103 129 57 87 166 118 154 161 139 126 22 35 160 160 60 123 132 108 165 186 7 128 87 92 143 174 88 73 141 185 174 111 166 69 198 149 111 49 51 114 89 55 4 122 173 84 69 165 44 26 100 140 131 65 141 134 93 60 107 117 157 197 132 83 94 132 60 18 90 139 219 164 207 32 85 190 171 179 212 161 67 147 186 138 128 39 101 104 108 148 34 192 145 167 172 155 76 100 28 136 105 186 86 197 157 29 79 85 58 38 105 156 170 86 76 63 180 195 129 100 164 110 88 134 213 195 180 173 220 62 139 125 186 169 141 122 120 70 71 177 88 208 181 66 124 166 172 155 140 73 44 212 97 163 151 183 115 201 164 81 43 43 186 68 178 17 145 130 202 168 187 175 193 211 134 126 175 158 51 177 215 187 146 144 156 127 167 136 156 107 135 111 24 159 154 195 103 170 203 138 102 5 88 12 228 173 27 97 41 3 72 148 126 70 127 113 193 142 195 106 107 246 58 121 121 122 80 138 195 200 110 110 78 133 28 71 236 158 134 183 182 110 185 58 184 187 192 146 139 74 59 112 62 35 78 157 143 127 121 165 51 91 73 145 115 89 97 74 32 41 139 33 152 125 32 96 111 130 116 93 47 41 156 48 113 101 145 93 152 111 34 38 20 141 42 126 41 112 83 148 113 142 126 139 155 91 104 125 104 13 122 160 140 109 105 101 91 129 84 100 51 90 82 42 120 103 147 59 116 148 86 62 61 63 50 173 123 34 76 27 54 42 92 92 62 90 70 138 93 149 50 73 190 58 86 96 100 47 82 148 144 71 55 69 78 43 36 180 106 79 129 126 54 151 35 134 136 140 172 23 89 147 91 115 134 83 4 57 50 89 21 178 96 98 112 72 100 156 130 153 158 123 128 8 46 167 150 74 142 119 123 173 193 28 125 75 83 126 165 69 63 139 184 175 94 164 87 200 137 104 70 64 97 74 39 19 112 162 102 63 166 40 48 83 128 147 62 155 152 105 69 112 108 170 198 118 98 76 142 51 38 85 133 222 175 209 13 103 192 164 179 215 169 75 137 182 152 140 27 92 86 112 141 32 189 158 157 162 152 80 82 17 148 106 181 84 202 155 20 70 84 76 35 107 140 169 106 96 46 74 143 106 24 83 115 57 100 164 174 153 90 179 126 139 118 197 98 67 167 36 104 114 195 77 159 121 45 164 95 68 173 49 33 62 150 107 151 142 201 165 187 142 100 112 93 187 117 94 101 175 133 122 103 190 165 162 153 147 174 84 132 88 136 143 182 170 40 123 22 62 62 98 72 144 7 107 176 73 186 28 140 138 124 127 108 18 108 180 83 100 149 100 103 35 94 157 137 23 26 153 139 191 77 141 188 132 16 166 171 119 93 188 154 18 91 144 108 78 109 182 140 108 103 137 89 211 111 91 98 166 55 146 118 40 80 131 73 110 166 183 161 86 183 145 152 131 209 97 69 184 42 123 133 209 93 162 122 65 181 95 53 187 46 53 81 149 123 162 154 215 183 196 152 117 132 113 198 136 89 121 191 147 117 105 201 176 169 153 161 192 77 141 107 141 140 193 185 28 132 13 45 65 102 85 158 14 127 190 71 196 41 148 137 136 144 127 37 128 182 76 120 167 120 122 55 99 173 157 16 35 158 151 202 90 158 187 152 12 184 188 137 101 199 157 29 104 163 119 97 127 183 150 119 100 142 102 225 130 82 90 174 134 149 88 49 112 80 38 90 168 159 141 121 178 67 109 90 164 118 89 117 68 52 60 159 46 163 132 16 116 115 122 135 88 29 23 164 67 129 118 165 113 169 126 54 51 33 159 61 126 42 132 101 150 118 161 143 153 164 110 124 122 118 30 133 165 158 129 95 114 79 119 84 107 59 109 67 47 139 102 164 51 130 154 102 82 56 46 50 184 121 40 95 39 50 25 99 112 79 79 62 150 111 167 60 94 199 72 74 116 120 67 91 165 155 60 69 86 92 30 55 191 122 92 131 137 67 171 53 132 135 154 167 42 39 115 86 61 93 39 51 36 15 88 53 124 42 44 75 69 81 103 105 100 104 82 81 47 50 126 97 68 138 71 106 135 149 66 72 26 29 87 111 50 10 87 132 124 59 110 91 150 87 49 89 57 63 34 26 59 58 109 103 9 116 20 81 51 78 132 15 134 145 83 50 70 54 144 147 71 87 51 111 4 65 30 78 172 141 158 64 103 141 109 128 166 131 49 84 127 131 113 29 38 59 68 86 87 135 135 104 109 97 46 55 38 121 58 126 35 156 101 75 16 35 83 26 60 100 115 110 103 28 241 152 99 159 176 72 126 112 158 111 112 182 151 74 69 81 69 165 159 15 164 80 72 55 106 155 156 143 18 163 217 44 177 158 150 176 77 87 81 58 21 107 100 82 93 104 80 72 186 121 26 66 194 156 78 89 123 169 52 9 193 105 103 130 191 89 34 199 112 191 220 157 143 118 58 189 112 47 171 98 158 113 174 88 55 140 173 123 167 193 112 39 101 137 153 137 29 66 189 166 136 73 92 113 41 192 78 188 16 13 65 125 95 147 170 101 58 101 145 76 179 94 102 183 136 103 55 82 203 199 117 266 161 120 187 196 97 154 132 163 111 118 201 152 106 85 102 59 183 181 47 190 111 104 45 134 161 169 174 47 181 241 49 201 188 182 185 104 95 93 44 53 103 110 112 126 136 75 104 204 153 37 85 209 173 72 92 127 177 70 42 214 118 135 140 201 85 45 225 126 218 245 180 161 144 75 217 144 49 192 94 185 123 185 105 83 173 203 156 169 213 145 71 133 169 184 155 53 98 216 193 142 88 86 139 70 195 110 216 48 46 96 145 89 153 198 125 90 120 177 108 182 105 121 200 146 127 34 114 223 218 120 119 121 64 32 85 65 9 63 140 136 116 93 151 77 91 70 148 90 61 113 45 52 63 145 25 135 103 24 111 86 102 122 64 35 49 135 54 108 97 151 112 147 102 47 67 49 141 66 98 67 123 84 122 89 143 122 128 135 96 121 96 94 41 106 136 138 118 77 88 65 101 56 78 32 94 60 70 126 75 143 32 104 125 80 74 84 46 76 156 95 62 96 56 78 30 70 104 88 64 42 123 92 147 33 88 171 85 61 113 117 66 63 145 128 44 45 94 67 59 57 162 99 67 103 110 43 160 61 106 108 130 171 152 84 84 134 62 58 91 169 147 133 142 173 26 91 77 139 134 111 80 99 22 24 130 49 164 141 55 81 131 155 108 117 70 55 172 49 115 103 136 75 153 116 33 14 9 137 23 147 31 100 81 168 131 138 127 146 169 86 86 147 112 13 133 177 139 99 131 110 116 154 107 117 69 86 107 26 112 125 147 85 124 164 91 54 54 87 38 183 146 22 56 8 48 66 109 80 38 115 96 148 93 147 66 61 203 32 112 79 82 33 98 147 155 96 67 45 88 50 23 192 110 89 150 138 67 140 13 157 158 145 193 98 45 119 122 28 87 58 107 68 61 127 103 77 14 28 57 110 107 47 118 62 62 53 67 103 100 113 41 108 167 30 128 127 129 121 40 37 28 59 55 71 47 54 91 90 54 66 131 115 37 11 138 101 55 46 74 115 4 54 140 50 85 75 135 55 29 152 56 147 171 106 88 72 3 149 109 34 118 64 116 59 119 32 30 138 139 121 117 139 105 55 91 132 122 82 28 78 145 123 84 18 63 67 32 142 87 146 48 53 53 71 63 94 128 53 75 47 130 61 129 40 47 127 81 55 68 74 149 145 70 153 33 38 106 71 65 87 33 48 49 27 74 55 128 52 48 90 54 68 113 93 102 108 97 78 43 35 120 107 53 124 84 93 128 144 56 75 40 41 102 121 63 25 88 133 124 74 113 76 149 99 57 75 42 78 49 34 51 69 120 88 16 115 11 69 65 90 119 11 122 131 71 36 64 64 133 147 85 73 65 101 14 53 36 84 171 133 158 62 88 141 116 128 165 124 36 94 132 119 102 28 48 73 63 94 82 139 124 114 119 102 35 69 34 110 55 132 33 152 104 71 29 33 68 17 56 115 118 95 89 39 109 113 61 24 73 68 9 58 132 132 112 81 144 88 92 71 150 79 50 120 34 62 72 147 29 127 94 31 117 75 90 125 52 38 58 126 59 106 96 154 120 144 99 54 79 61 141 76 87 79 128 86 110 79 143 120 123 126 99 128 84 90 53 99 125 137 122 67 83 56 90 44 68 27 96 55 82 128 63 141 23 100 115 79 80 96 45 88 148 83 74 105 68 89 34 61 110 99 54 32 117 92 146 30 94 162 97 53 120 125 75 56 144 120 35 44 104 64 70 66 154 96 64 91 103 42 163 72 94 96 125 173 106 38 92 110 8 59 50 119 92 79 117 121 55 36 25 88 103 92 55 96 33 36 83 39 115 101 83 51 100 149 60 109 97 98 128 9 60 48 89 58 98 63 23 64 61 84 41 122 86 60 27 135 96 86 72 93 123 34 63 127 60 55 84 138 84 55 131 62 123 151 89 82 50 33 123 81 63 105 92 90 72 122 39 15 109 110 93 133 127 76 47 63 103 92 74 42 60 121 98 97 38 93 45 29 155 66 121 55 60 29 62 92 106 103 33 59 42 99 34 143 57 43 121 90 35 96 48 137 135 91 107 59 47 65 30 75 59 34 79 96 74 36 95 126 81 65 132 24 21 134 49 97 107 136 62 74 37 89 129 20 78 118 46 93 115 69 77 81 76 141 138 110 68 84 125 110 118 112 41 132 129 81 57 22 121 93 80 70 96 142 48 57 101 52 69 110 120 72 47 76 85 24 13 41 91 89 133 120 28 111 61 61 58 61 96 151 93 141 95 48 126 128 116 145 89 12 117 134 73 58 69 78 119 44 109 106 137 78 134 139 104 21 115 69 66 49 137 45 127 101 99 69 44 40 53 48 154 112 57 54 86 188 39 100 162 107 124 148 95 18 55 55 104 14 187 102 107 109 88 116 161 146 163 168 122 141 23 62 181 154 90 158 121 139 188 206 42 135 79 89 124 170 65 70 150 195 186 92 173 103 212 139 111 85 80 95 76 42 34 117 166 118 72 178 52 61 81 130 163 73 171 168 120 84 126 113 186 209 119 114 73 157 60 53 93 141 234 190 220 4 119 203 170 190 227 183 90 142 191 168 155 35 98 83 125 148 29 198 174 162 166 161 94 78 30 164 118 189 96 215 165 16 77 95 92 48 119 137 179 121 111 47 224 89 81 163 142 82 135 89 86 32 47 145 72 133 52 72 23 125 136 87 157 119 119 36 118 84 104 165 81 125 194 43 161 177 184 111 95 36 46 38 98 22 49 110 148 148 6 123 147 172 60 61 143 114 9 23 51 102 56 90 160 60 142 73 130 6 54 187 70 187 202 138 107 115 55 193 166 39 143 13 160 57 115 63 87 195 187 178 89 160 163 105 149 189 172 105 72 132 184 164 68 51 6 111 86 115 143 187 89 92 110 99 9 78 171 98 127 79 186 119 102 48 79 139 77 100 51 131 167 160 43 186 102 42 109 118 17 76 55 113 78 69 125 111 67 21 24 69 108 102 46 110 50 50 64 57 108 101 102 41 106 161 41 122 116 117 125 28 46 35 70 52 82 53 42 79 78 66 54 129 103 43 13 138 100 67 57 82 119 15 54 136 54 73 79 137 67 37 145 58 139 165 101 86 64 15 140 97 44 114 75 107 65 121 33 19 126 128 109 124 136 93 48 79 120 110 79 29 68 136 114 90 25 75 59 25 148 77 137 47 52 41 68 75 99 119 45 66 44 118 49 136 47 45 126 85 47 78 63 146 142 79 158 6 74 130 75 102 117 67 14 57 44 74 33 165 86 85 110 56 83 147 113 138 145 121 112 10 30 150 141 58 127 113 106 156 176 23 112 68 73 124 156 71 54 125 170 159 93 150 73 185 130 93 59 47 96 70 37 15 103 154 88 51 151 26 42 82 121 131 48 139 137 88 52 96 98 153 183 113 82 77 125 41 28 72 121 206 158 193 30 89 176 153 164 199 152 58 128 170 136 123 20 82 87 96 130 45 176 142 148 153 139 64 82 10 131 91 169 70 185 141 36 60 69 63 20 91 138 154 92 83 45 193 103 47 116 123 24 83 60 113 76 68 130 111 70 21 29 63 113 108 42 117 55 54 57 64 109 104 108 36 111 167 34 128 122 123 127 35 44 34 64 49 79 53 48 83 84 61 58 134 108 37 14 142 104 62 54 81 121 9 49 141 56 78 81 140 63 30 151 61 145 171 107 91 70 11 146 102 38 120 71 113 66 124 36 23 130 135 114 124 141 98 47 84 125 117 84 24 70 143 121 90 25 71 65 25 148 80 143 43 48 45 73 71 100 126 52 67 49 123 54 136 47 50 130 87 54 71 67 151 147 78 100 98 56 27 55 71 23 49 118 124 103 63 132 102 90 69 148 61 32 127 23 74 85 147 38 113 78 48 124 57 78 126 38 52 75 109 65 101 92 154 129 137 92 65 95 78 137 89 69 97 131 86 92 62 140 115 112 110 100 135 67 81 69 87 108 132 124 58 73 51 79 27 53 24 97 56 100 129 45 135 23 90 99 74 87 114 54 106 134 66 92 114 84 107 48 47 115 112 49 27 105 89 141 29 101 146 111 50 128 132 86 43 138 107 34 43 117 58 87 79 139 90 58 73 90 41 164 87 77 78 116 120 33 69 100 38 100 95 58 51 87 68 36 71 158 96 86 135 19 50 155 81 129 138 142 97 48 11 125 149 22 89 130 71 129 152 33 106 86 86 147 161 102 70 116 159 145 118 143 35 168 144 99 30 15 122 93 68 37 112 162 50 61 136 42 32 109 135 94 53 104 99 55 28 77 107 120 169 130 46 106 95 59 22 77 121 188 127 177 66 51 161 154 151 181 125 36 136 165 101 91 52 92 115 79 133 71 169 107 156 161 134 47 111 46 99 79 166 66 164 133 66 74 65 26 38 79 160 145 55 46 75 191 150 82 104 144 53 74 91 165 135 124 152 166 10 78 70 119 141 122 55 116 21 11 109 58 160 143 79 56 138 172 87 133 94 81 172 43 103 91 114 49 139 108 33 25 35 120 6 157 52 77 69 174 136 121 114 137 168 69 60 159 106 36 129 180 123 77 149 107 137 172 119 122 78 71 130 44 91 136 132 104 117 165 84 38 73 110 56 178 158 43 31 31 69 90 113 58 17 136 114 142 81 131 74 40 200 21 133 54 56 16 101 131 151 116 69 22 85 75 17 188 101 86 158 135 70 117 13 169 169 135 224 97 77 158 144 73 129 86 96 43 53 148 84 121 45 66 16 128 136 73 154 108 107 24 111 94 109 158 67 127 195 28 160 171 175 120 86 35 42 28 83 36 50 101 136 137 8 111 150 161 46 52 149 117 9 27 60 111 44 76 162 61 132 78 137 17 40 186 71 184 201 137 108 110 44 189 155 25 144 27 155 61 122 59 76 184 181 167 101 162 151 92 138 178 165 105 58 119 181 160 76 44 21 106 73 127 130 183 74 77 98 98 23 87 167 92 114 76 176 107 114 48 76 143 83 94 41 120 170 163 53</usersMatrixCost>

