<?xml version="1.0" encoding="UTF-8" standalone="no" ?>
<TPPInPutXML xmlns:xsi="http://www.w3.org/2001/XMLSchema-instance" xsi:noNamespaceSchemaLocation="GTPPXMLInPut.xsd">

  <instanceName>G00_n101_u75</instanceName>

  <Comment>Problem instance cor MVTPP</Comment>

  <nNodes>26</nNodes>

  <nUsers>75</nUsers>

  <nodesMatrixCost>0 127 147 92 65 72 96 22 48 40 88 170 128 157 64 80 140 120 128 163 120 29 99 135 113 96 127 0 114 183 75 191 34 145 141 130 134 113 23 114 183 83 106 156 106 108 42 98 164 144 22 31 147 114 0 135 145 172 98 150 188 118 79 29 91 12 209 165 8 73 19 25 72 133 102 47 126 109 92 183 135 0 148 51 149 73 136 59 58 164 172 147 122 167 133 68 119 159 155 109 34 96 178 156 65 75 145 148 0 137 55 87 66 89 119 158 85 151 111 22 137 151 129 152 88 39 143 153 55 48 72 191 172 51 137 0 158 50 104 63 94 200 186 184 77 153 168 115 154 195 173 99 81 140 181 161 96 34 98 149 55 158 0 113 117 97 103 106 32 102 156 72 90 127 86 100 33 68 132 120 32 11 22 145 150 73 87 50 113 0 63 34 82 175 144 161 60 103 144 112 131 169 133 50 87 131 133 114 48 141 188 136 66 104 117 63 0 88 135 208 149 197 49 67 181 168 170 202 147 56 147 181 121 112 40 130 118 59 89 63 97 34 88 0 49 144 124 129 94 109 112 81 99 138 110 51 60 98 122 101 88 134 79 58 119 94 103 82 135 49 0 108 120 91 142 141 75 33 62 102 101 88 30 49 134 111 170 113 29 164 158 200 106 175 208 144 108 0 90 17 233 177 32 102 46 6 75 152 131 75 130 116 128 23 91 172 85 186 32 144 149 124 120 90 0 91 188 98 84 138 85 85 21 100 150 124 41 37 157 114 12 147 151 184 102 161 197 129 91 17 91 0 220 171 17 85 31 14 73 141 114 58 128 113 64 183 209 122 111 77 156 60 49 94 142 233 188 220 0 116 203 172 190 227 182 88 144 191 166 153 80 83 165 167 22 153 72 103 67 109 141 177 98 171 116 0 157 173 150 171 104 58 164 175 61 62 140 106 8 133 137 168 90 144 181 112 75 32 84 17 203 157 0 73 14 27 65 125 100 49 118 101 120 156 73 68 151 115 127 112 168 81 33 102 138 85 172 173 73 0 62 98 118 121 34 29 159 137 128 106 19 119 129 154 86 131 170 99 62 46 85 31 190 150 14 62 0 41 65 114 87 40 116 97 163 108 25 159 152 195 100 169 202 138 102 6 85 14 227 171 27 98 41 0 69 146 127 71 124 111 120 42 72 155 88 173 33 133 147 110 101 75 21 73 182 104 65 118 65 69 0 94 131 104 55 42 29 98 133 109 39 99 68 50 56 51 88 152 100 141 88 58 125 121 114 146 94 0 108 130 84 67 99 164 102 34 143 81 132 87 147 60 30 131 150 114 144 164 100 34 87 127 131 108 0 62 163 140 135 144 47 96 153 140 120 131 181 98 49 75 124 58 191 175 49 29 40 71 104 130 62 0 151 130 113 22 126 178 55 181 32 133 121 122 134 130 41 128 166 61 118 159 116 124 55 84 163 151 0 23 96 31 109 156 48 161 11 114 112 101 111 116 37 113 153 62 101 137 97 111 42 67 140 130 23 0</nodesMatrixCost>

  <usersMatrixCost>69 147 112 31 85 122 64 106 167 180 158 91 183 133 145 124 203 100 70 174 40 111 122 202 83 163 124 52 171 97 65 180 50 39 67 153 113 157 148 208 173 193 148 107 119 100 193 124 95 107 182 140 123 107 196 171 167 156 153 181 85 137 95 140 145 188 177 38 129 20 58 65 102 79 150 181 178 110 96 154 88 77 116 195 173 159 163 200 38 117 104 162 157 131 98 114 48 47 153 72 190 165 63 100 153 169 131 134 74 50 196 75 141 129 159 91 179 143 60 19 24 162 44 168 9 121 107 190 154 163 153 172 194 111 103 166 138 33 158 201 164 121 143 136 127 166 126 141 92 112 224 112 76 152 149 61 120 87 115 65 69 154 106 99 40 60 28 135 137 48 151 91 88 19 101 112 120 146 43 134 197 4 159 160 161 136 73 45 45 26 59 60 61 85 116 119 33 91 157 142 21 43 160 125 33 44 79 128 30 51 167 69 115 91 152 42 15 184 78 180 202 137 114 105 33 81 76 73 59 11 100 68 61 96 121 100 19 114 144 108 91 160 26 14 159 38 115 125 163 78 92 52 91 154 24 51 146 25 90 117 78 99 109 104 169 162 136 95 104 139 122 145 130 24 142 155 108 50 35 149 120 104 82 123 167 23 84 114 76 71 137 147 49 74 58 59 18 37 58 118 218 78 80 162 136 86 135 86 74 20 38 138 59 141 56 74 36 118 131 98 154 125 125 49 120 73 95 166 92 118 188 54 156 178 187 100 99 35 46 51 108 9 44 115 154 153 19 129 139 178 72 65 134 106 22 21 40 91 63 102 152 55 146 64 119 9 65 183 65 184 196 133 100 114 61 87 119 78 4 66 89 32 72 139 147 126 74 154 109 112 90 169 77 46 143 18 84 94 168 52 135 98 37 140 74 71 146 37 35 63 128 81 124 114 174 143 160 115 77 98 79 159 98 79 93 150 106 105 81 162 137 135 130 120 151 73 104 72 109 124 155 144 46 96 34 69 40 73 45 117 168 39 42 117 85 64 95 42 48 35 13 88 50 127 45 48 77 68 82 106 106 103 108 84 85 44 48 128 100 68 138 74 107 138 152 63 76 28 32 89 114 49 13 91 135 127 60 113 90 153 89 52 88 57 64 35 23 56 62 113 102 12 119 18 79 51 80 133 17 136 146 84 50 73 57 135 26 84 121 57 115 116 74 37 84 69 53 58 175 105 99 136 40 72 166 102 147 155 146 116 35 23 147 160 43 105 136 91 150 173 12 122 91 94 150 173 98 76 134 177 164 119 160 51 188 152 110 32 36 123 95 64 19 122 173 66 69 155 45 16 108 143 113 63 124 116 77 48 97 117 166 69 18 100 91 31 72 28 81 57 41 96 83 94 20 14 74 78 79 78 95 70 75 75 57 76 68 103 72 76 139 57 101 115 125 92 43 28 18 81 85 67 25 58 102 95 63 80 100 121 68 22 106 69 65 42 55 86 36 85 109 22 88 46 104 58 59 127 25 125 144 79 56 52 31 186 117 52 104 125 21 71 64 130 97 87 132 130 48 40 36 85 118 106 41 109 33 31 77 51 125 114 91 37 115 163 54 123 106 103 140 21 65 54 83 43 101 71 29 60 61 83 35 136 85 50 31 149 110 84 76 101 135 32 49 142 71 57 95 151 86 47 144 73 136 165 104 96 64 33 182 200 134 103 168 115 93 139 218 200 185 177 225 67 145 130 191 174 145 127 124 76 76 182 93 213 186 69 129 170 175 160 143 75 46 217 102 168 156 188 119 207 169 86 48 48 191 73 182 23 151 135 206 173 192 181 198 216 139 131 178 163 56 182 220 193 151 147 161 129 169 140 160 112 140 92 151 106 28 96 111 52 102 172 177 156 103 186 113 137 116 194 109 77 158 47 94 103 191 71 167 130 31 156 105 86 169 63 17 44 160 100 152 141 198 156 189 144 91 97 79 186 105 108 84 169 130 135 113 188 166 166 162 142 165 99 134 75 141 156 182 164 59 126 40 80 72 106 72 140 182 188 120 99 161 100 84 126 205 185 170 169 211 50 129 115 175 165 138 110 119 60 60 165 81 200 174 65 112 161 172 143 138 75 48 206 87 153 141 171 102 191 154 71 31 34 175 57 175 9 134 119 197 163 176 165 184 204 123 114 172 149 42 169 210 177 134 145 147 128 168 133 150 101 124 184 37 100 160 104 125 147 95 16 58 56 101 17 188 104 108 113 85 113 163 143 163 168 125 140 21 60 179 156 87 154 123 136 186 205 38 136 81 90 127 172 68 71 150 195 186 95 174 100 212 141 112 81 77 98 78 44 31 119 168 115 72 178 51 57 84 133 160 73 169 165 118 82 125 115 69 84 94 75 18 121 89 81 102 135 114 15 122 166 128 112 177 35 36 180 54 137 148 182 100 98 60 108 176 35 39 166 35 106 134 79 122 127 123 188 184 150 112 126 161 143 162 152 16 162 176 129 41 46 166 137 117 85 143 188 1 101 135 89 66 154 168 49 91 64 49 40 54 81 139 174 171 103 88 146 83 69 109 188 168 153 155 194 39 112 98 160 149 123 98 106 43 45 151 65 183 158 55 99 145 161 128 125 67 45 189 70 136 124 157 91 174 137 54 19 17 159 42 160 9 120 103 182 147 160 148 167 187 107 103 158 132 26 152 193 160 120 135 130 119 158 118 134 85 108 213 149 85 128 157 54 95 97 160 122 116 164 158 35 68 69 95 150 137 25 136 45 35 84 77 156 147 107 28 148 192 64 152 122 112 172 51 92 82 89 18 123 101 50 55 65 100 34 169 82 51 60 182 143 100 100 129 167 54 30 174 102 66 127 184 105 53 171 106 161 193 134 129 93 57 172 159 91 85 138 69 61 97 176 154 140 147 181 29 98 85 146 140 115 86 101 30 31 137 54 171 147 55 87 136 157 115 120 68 51 178 56 122 110 143 80 161 124 41 12 7 145 29 152 23 107 89 173 136 146 135 153 175 93 92 151 119 15 139 183 147 106 132 117 117 155 110 123 74 94 177 194 128 97 162 110 86 132 212 194 179 170 219 63 139 124 187 167 139 123 118 70 71 177 87 207 179 63 125 164 169 155 137 70 41 211 96 162 150 183 116 201 163 80 44 42 186 69 176 17 146 130 200 166 187 175 192 209 134 128 172 157 50 176 213 187 146 142 154 124 164 134 154 105 135 109 146 93 29 98 94 38 91 166 165 146 107 178 92 121 100 178 108 77 138 51 73 83 174 55 161 126 11 136 105 100 151 69 5 30 158 82 138 127 180 135 176 132 72 77 58 171 85 112 66 150 114 138 111 173 152 156 159 125 145 106 123 54 133 156 168 146 72 116 55 95 71 101 60 123 119 51 37 73 40 67 61 25 72 84 63 46 86 122 70 56 121 29 32 125 58 93 102 125 60 67 33 93 120 27 90 108 57 98 119 65 71 70 65 130 130 99 56 80 122 109 106 107 49 133 119 71 61 23 110 81 69 65 86 133 58 45 100 42 68 99 110 83 35 87 97 35 9 41 81 214 125 71 134 147 44 101 83 134 91 88 153 129 65 42 52 62 137 130 19 137 61 56 51 81 130 128 121 13 134 189 30 149 136 132 149 51 62 55 57 28 90 74 59 83 88 66 58 157 109 20 37 166 128 66 68 100 143 25 26 165 78 85 103 163 72 20 172 84 165 192 129 115 91 30 207 165 97 120 161 68 90 107 179 146 137 169 179 11 89 84 124 158 139 53 132 38 28 112 75 174 159 93 57 155 189 92 150 107 91 187 59 114 103 117 45 148 121 50 30 46 127 23 174 56 79 80 191 152 127 124 150 183 78 57 176 120 50 144 196 132 82 165 121 153 188 136 138 95 81 56 130 104 32 64 119 64 95 150 167 146 70 167 140 139 118 196 81 53 174 27 116 126 196 83 146 106 63 171 79 45 175 30 54 84 133 112 148 140 202 175 181 137 109 128 109 184 130 74 120 180 135 102 89 187 161 153 137 149 182 63 126 103 125 125 178 173 17 116 3 40 49 86 73 145 77 117 83 13 59 97 41 75 137 149 128 66 153 120 117 96 175 72 41 152 10 94 105 174 60 133 94 48 149 69 60 153 27 43 72 124 90 127 119 180 152 162 117 87 109 90 164 108 71 104 157 113 98 77 166 141 136 127 127 160 64 107 83 109 119 158 151 35 98 25 58 35 71 51 123</usersMatrixCost>

  <availabilityMatrix>false false false false false false false false false false false false false false false false false false false false false false false false false false false false false false false false false false false false false false false false false false false false false false false false false false false false false false false false false false false false false false false false false false false false false true false false false false false false false false false false false false false false false false false false false false false false false false false false false false false false false false false false false false false false false false false false false false false false false false false true false false false false true false false false false false false false false false false false false false false false false false false false false false false false false false false false false false false false false false false false false false false false false false true false false false false false false true false false false false false false false true false false false false false false false true false false false false false false false false false false true false false false false false false false false false false false false false false false true false false false false false false false false false false false false true false false false false false false true false false false false false true true false false false false false false false false false false true false false true false false false false false false false false false false false false false false false false false false false false false false false false false false false false false false false false false false false false false false true false false false false false false false false false false false false true false false false false false false false false false false false false false false false false false false false false false false false false false false false false false false false true false false false false true false false false false false false false true true false false false false false false false false false true false false false false false false false false false false false false true false false true false false false false false false false false false false false false false true false false false false false false false false false false false false false false false false false false false false false false false false false false false false false false false false false false false false false false false false false false false false false false false false false false false false false false false false false false false false false false false false true false false false false false false false false false false false false false false false false false false false false false false false false false false true false false false false true false false false false false false false false false false false false false true false false false false true false true false false false false true false false false false false false false true false false false false false false false false false false false false false false false false false false false false false false false false true false false false false false false false false true false false false false false false false false false false false false false false false false true false false false false true false false false false false false true false false false false false false false false false false false false true false false false false false false false false false false false true true false false false false false false false false false false false false false false false false false false false false false true true false false false false false false false false false false false false true false false false false false false false false false false false false false false false false false false false false false false false false false false false false true false false false false false false false false false false false false false false false false false false true false false false false false false false false false false false true false false false false false false true false false false false false false false false false false false false false false false false false false false false false false false false false false false false false false false false false false false false false false false false false false false false false false false false false false false false false false false false false false false false false false false false false false false false false false false false false false false false false false false false false false false false false false false false false false false false false false false false false false false false false false false false false false false false false false false false false false false false false false false false false false false false false false false false false false false false false false false false false false false true false false false false false false false false false false false false false false false false false false false false false false false false false false false false false false false false false false false false false false false false false false false false false false false false false false false false false false false false false false false false false false false false false false false false false false false false false false false false false false false false false false false false false false false false false false true false false false false false false false false false false false false false false false false false false false false false false false false false false false false false false false false false true false false false true false false false false false false false false false false false false true false false false false false false false false false false false false false false false false false false false false false false false false false false false false false false false false false false false false false false false false false false false false false false false false false false false false false true false false false false false false true false false false false false false false false false false false false false false false false false false true false false false false false false false false false false false false false false false false false true false false false false false false false false false false false true false false false false false false false false false false false false false false false false false false false false false false false false false false false false false false false false false false false false false false false false false false false false false false false false false false false false false false false false false false true true false false false true false false false false false false false false false false false false false false false false false false false false false false false false false false false false false false false false false false false false false false false false false false false false false false false false false false false false false false false false false false false false false false false false false true false false false false false false false false false false false false false false false false false false false false false false false false false false false false false false false false false false false false false false false false false false false false false false false false false false false false false false false true false false false false false false false false false false false false false false false false false false false false false false true true false false false false false false false false false false false false false false false false true false false false false false false false false false false false false false false false false false false false false false false false false false false false false false false false false false false false false false false false false false false false false false false false false false false false false false false false false false false false false false true false false false false false false false false false false false false false false false false false false false false false false false false false false false false false false false false false false false false false false false false false false false false false false false false false false false false true false false false false false true true false false false false false false false false false false false false false false false false false false false false false false false false false false false false false false false false false false false false false false false false false false false false false false false true false false false false false false false false false false false false false false false false false false false false false false false false false false false false false false false false false false false false false false false false false false false false false true false false false false false false false false false false false false false false false false false false true true false false false false false false false false false false false false false false false false false false false false true false false false false false false false false true false false false false false false false false false false false false false false false false false false false false false true false false false false false false false true true false false false false false false true false false false false false false false true false false false false false false false false false false false false false true false false false false false false false false true false false false false false false false false false false false false false false false false false false false false false false false false true false false false false false false false false false false false false false false false false false false false false false false false false false false false true false false false false false false false false false false false false false false false false false false false false false false false false false false false false false false false false false false false false false false false false false false false false false false false false false false false false false false false false false false false false false false false false false false true false true true false false false false false false false true false false false false false false false false false false false false false false false false true false false false false false false false false false false false false false false false false false false false false false false false false false false false false false false false false false false false false false false false false false false false false false false false false false false false false false false</availabilityMatrix>

  <nodesCoords>4294967263 33 4294967266 4294967202 79 4294967234 51 70 4294967235 4294967270 6 94 4294967277 4294967234 4294967276 51 4294967215 37 7 31 52 12 83 4294967205 4294967289 4294967204 82 4294967222 4294967226 85 4294967213 4294967266 71 4294967235 85 11 66 4294967248 78 4294967209 9 4294967217 4294967260 4 66 39 92 4294967279 4294967250 4294967217 4294967266 4294967233</nodesCoords>

  <usersCoords>4294967197 4294967199 4294967237 50 0 14 4294967279 4294967230 4294967227 4294967277 31 12 5 4294967255 4294967284 10 4294967232 70 4294967284 85 4294967278 64 4294967219 4294967280 4294967243 88 83 4294967272 24 41 17 21 42 96 4294967231 0 4294967249 4294967270 85 36 4294967261 4294967242 54 4294967275 64 4294967279 55 89 17 4294967271 4294967235 66 4294967235 26 17 4294967224 79 38 4294967234 4294967294 4294967206 4294967228 52 66 4294967242 4294967246 8 4294967212 37 4294967206 4294967213 49 35 4294967295 7 59 12 48 57 95 92 28 4294967293 97 4294967289 52 42 4294967281 77 4294967253 59 4294967247 25 91 69 4294967277 4294967214 4294967282 74 4294967226 69 59 29 33 4294967199 9 4294967238 9 28 93 7 73 4294967268 73 4294967220 55 41 42 92 40 4294967212 4294967267 4294967284 42 51 4294967251 4294967259 46 4294967199 35 14 89 60 58 4294967233 4294967221 4294967278 34 4294967250 4294967214 4294967210 4294967217 4294967253 4294967266 4294967252 7 4294967293 4294967276 36 41</usersCoords>

</TPPInPutXML>
