<?xml version="1.0" encoding="UTF-8" standalone="no" ?>
<TPPInPutXML xmlns:xsi="http://www.w3.org/2001/XMLSchema-instance" xsi:noNamespaceSchemaLocation="GTPPXMLInPut.xsd">

  <instanceName>G00_n126_u93</instanceName>

  <Comment>Problem instance cor MVTPP</Comment>

  <nNodes>33</nNodes>

  <nUsers>93</nUsers>

  <nodesMatrixCost>0 163 120 29 99 135 113 96 31 54 81 60 98 82 140 117 119 124 103 30 77 35 104 54 135 34 150 105 71 36 33 61 17 163 0 69 146 127 71 124 111 192 141 195 104 108 245 60 118 122 124 81 137 195 198 107 109 80 132 25 71 235 157 132 181 181 120 69 0 94 131 104 55 42 151 121 177 63 113 195 98 49 138 141 89 89 175 154 38 75 111 97 45 77 187 128 97 119 136 29 146 94 0 108 130 84 67 59 68 107 43 101 101 133 88 126 131 99 12 103 60 75 44 132 35 129 97 93 57 35 47 44 99 127 131 108 0 62 163 140 111 46 78 86 19 168 73 162 20 25 47 97 79 121 145 73 56 72 130 59 156 68 73 154 109 135 71 104 130 62 0 151 130 156 93 138 91 46 214 12 148 52 53 31 118 139 165 132 86 9 101 83 34 202 114 102 175 149 113 124 55 84 163 151 0 23 142 138 187 78 148 171 148 8 174 179 129 86 184 141 20 92 157 105 100 120 167 136 105 84 126 96 111 42 67 140 130 23 0 127 116 167 55 125 162 128 23 152 156 107 67 164 127 8 70 136 84 87 98 156 116 84 79 111 31 192 151 59 111 156 142 127 0 65 67 91 114 58 163 147 131 136 126 62 62 11 135 83 155 60 180 129 46 43 60 77 16 54 141 121 68 46 93 138 116 65 0 56 62 49 124 102 140 66 71 65 58 55 76 123 48 91 34 136 72 111 22 35 111 63 81 195 177 107 78 138 187 167 67 56 0 116 92 112 149 190 95 98 116 102 4 77 174 102 134 83 192 125 99 52 83 140 77 60 104 63 43 86 91 78 55 91 62 116 0 73 141 93 79 100 104 62 33 113 96 61 14 94 34 90 57 131 66 34 84 78 98 108 113 101 19 46 148 125 114 49 92 73 0 173 57 147 27 31 28 89 93 124 129 62 42 67 111 39 160 71 68 148 110 82 245 195 101 168 214 171 162 58 124 112 141 173 0 221 178 189 193 183 108 108 49 170 136 213 115 230 186 13 102 114 89 65 140 60 98 133 73 12 148 128 163 102 149 93 57 221 0 144 64 65 37 122 149 172 128 90 20 106 73 36 209 122 107 177 156 117 118 49 88 162 148 8 23 147 140 190 79 147 178 144 0 173 178 127 89 187 147 18 93 154 108 93 118 173 139 107 91 131 119 122 138 126 20 52 174 152 131 66 95 100 27 189 64 173 0 5 49 114 97 142 156 88 45 91 129 61 176 88 92 172 130 124 124 141 131 25 53 179 156 136 71 98 104 31 193 65 178 5 0 53 119 100 146 160 93 45 96 132 64 180 93 97 177 134 103 81 89 99 47 31 129 107 126 65 116 62 28 183 37 127 49 53 0 87 116 135 110 55 33 70 82 12 172 85 71 144 119 30 137 89 12 97 118 86 67 62 58 102 33 89 108 122 89 114 119 87 0 98 65 75 32 120 25 122 85 99 51 24 58 47 77 195 175 103 79 139 184 164 62 55 4 113 93 108 149 187 97 100 116 98 0 72 171 100 134 80 191 124 95 49 80 136 73 35 198 154 60 121 165 141 127 11 76 77 96 124 49 172 147 142 146 135 65 72 0 135 89 164 67 185 137 37 54 67 71 18 104 107 38 75 145 132 20 8 135 123 174 61 129 170 128 18 156 160 110 75 171 135 0 76 138 91 83 100 164 123 91 87 119 54 109 75 44 73 86 92 70 83 48 102 14 62 136 90 93 88 93 55 32 100 89 76 0 88 23 98 53 126 54 24 89 71 135 80 111 132 56 9 157 136 155 91 134 94 42 213 20 154 45 45 33 120 134 164 138 88 0 101 91 38 201 112 102 177 149 34 132 97 35 72 101 105 84 60 34 83 34 67 115 106 108 91 96 70 25 80 67 91 23 101 0 121 71 104 32 1 81 50 150 25 45 129 130 83 100 87 180 136 192 90 111 230 73 93 129 132 82 122 191 185 83 98 91 121 0 71 221 149 121 161 167 105 71 77 97 59 34 120 98 129 72 125 57 39 186 36 118 61 64 12 85 124 137 100 53 38 71 71 0 175 90 72 141 121 71 235 187 93 156 202 167 156 46 111 99 131 160 13 209 173 176 180 172 99 95 37 164 126 201 104 221 175 0 89 104 87 54 36 157 128 57 68 114 136 116 43 22 52 66 71 102 122 139 88 93 85 51 49 54 123 54 112 32 149 90 89 0 32 96 42 33 132 97 35 73 102 105 84 60 35 83 34 68 114 107 107 92 97 71 24 80 67 91 24 102 1 121 72 104 32 0 81 49 61 181 119 47 154 175 84 79 77 111 140 84 148 89 177 91 172 177 144 58 136 71 87 89 177 81 161 141 87 96 81 0 63 17 181 136 44 109 149 126 111 16 63 77 78 110 65 156 131 130 134 119 47 73 18 119 71 149 50 167 121 54 42 49 63 0</nodesMatrixCost>

  <usersMatrixCost>177 194 128 97 162 110 86 132 212 194 179 170 219 63 139 124 187 167 139 123 118 70 71 177 87 207 179 63 125 164 169 155 137 70 41 211 96 162 150 183 116 201 163 80 44 42 186 69 176 17 146 130 200 166 187 175 192 209 134 128 172 157 50 176 213 187 146 142 154 124 164 134 154 105 135 108 25 159 152 195 100 169 202 138 102 6 85 14 227 171 27 98 41 109 146 93 29 98 94 38 91 166 165 146 107 178 92 121 100 178 108 77 138 51 73 83 174 55 161 126 11 136 105 100 151 69 5 30 158 82 138 127 180 135 176 132 72 77 58 171 85 112 66 150 114 138 111 173 152 156 159 125 145 106 123 54 133 156 168 146 72 116 55 95 71 101 60 123 42 72 155 88 173 33 133 147 110 101 75 21 73 182 104 65 118 65 119 51 37 73 40 67 61 25 72 84 63 46 86 122 70 56 121 29 32 125 58 93 102 125 60 67 33 93 120 27 90 108 57 98 119 65 71 70 65 130 130 99 56 80 122 109 106 107 49 133 119 71 61 23 110 81 69 65 86 133 58 45 100 42 68 99 110 83 35 87 97 35 9 41 81 98 133 109 39 99 68 50 56 51 88 152 100 141 88 58 125 121 114 214 125 71 134 147 44 101 83 134 91 88 153 129 65 42 52 62 137 130 19 137 61 56 51 81 130 128 121 13 134 189 30 149 136 132 149 51 62 55 57 28 90 74 59 83 88 66 58 157 109 20 37 166 128 66 68 100 143 25 26 165 78 85 103 163 72 20 172 84 165 192 129 115 91 30 164 102 34 143 81 132 87 147 60 30 131 150 114 144 164 100 34 87 207 165 97 120 161 68 90 107 179 146 137 169 179 11 89 84 124 158 139 53 132 38 28 112 75 174 159 93 57 155 189 92 150 107 91 187 59 114 103 117 45 148 121 50 30 46 127 23 174 56 79 80 191 152 127 124 150 183 78 57 176 120 50 144 196 132 82 165 121 153 188 136 138 95 81 144 47 96 153 140 120 131 181 98 49 75 124 58 191 175 49 29 40 56 130 104 32 64 119 64 95 150 167 146 70 167 140 139 118 196 81 53 174 27 116 126 196 83 146 106 63 171 79 45 175 30 54 84 133 112 148 140 202 175 181 137 109 128 109 184 130 74 120 180 135 102 89 187 161 153 137 149 182 63 126 103 125 125 178 173 17 116 3 40 49 86 73 145 22 126 178 55 181 32 133 121 122 134 130 41 128 166 61 118 159 116 77 117 83 13 59 97 41 75 137 149 128 66 153 120 117 96 175 72 41 152 10 94 105 174 60 133 94 48 149 69 60 153 27 43 72 124 90 127 119 180 152 162 117 87 109 90 164 108 71 104 157 113 98 77 166 141 136 127 127 160 64 107 83 109 119 158 151 35 98 25 58 35 71 51 123 31 109 156 48 161 11 114 112 101 111 116 37 113 153 62 101 137 97 170 21 65 131 86 89 114 61 23 37 24 86 27 152 70 72 90 67 89 130 117 128 133 100 106 19 42 147 124 68 140 94 114 155 172 43 100 49 56 104 138 52 37 115 159 151 73 138 87 176 111 77 77 56 76 50 17 35 86 136 101 37 143 18 62 62 102 140 38 145 149 93 56 92 81 157 174 93 91 57 127 25 47 59 107 198 159 185 36 102 168 137 155 183 79 34 114 108 32 84 45 89 54 44 113 86 91 4 21 58 95 95 65 111 72 74 59 67 84 83 114 59 93 156 40 118 127 133 103 46 21 10 65 73 60 29 61 102 99 49 78 116 124 52 13 122 85 52 34 57 97 21 72 126 32 92 57 117 47 43 143 39 140 161 96 73 66 16 145 120 42 106 54 111 41 101 17 44 147 137 132 100 126 115 72 101 226 88 85 167 144 87 139 92 84 30 47 146 69 140 58 77 27 127 139 94 160 125 125 41 123 82 105 170 88 126 196 49 163 182 189 110 101 40 50 42 104 18 51 116 154 153 12 129 148 178 67 66 143 115 14 26 50 101 62 96 161 62 147 74 129 9 60 190 72 190 204 141 108 119 61 197 172 46 145 10 164 59 114 67 94 201 191 185 86 161 169 112 155 128 90 31 52 70 42 24 30 109 103 83 78 118 82 62 41 120 68 49 99 52 53 63 119 18 104 75 57 95 65 104 97 64 67 81 107 38 76 66 125 102 114 69 41 80 66 111 68 83 90 102 57 101 64 113 90 95 105 71 107 86 60 57 74 111 107 95 86 54 80 107 46 51 5 68 83 90 100 63 111 49 71 98 48 59 110 75 99 124 85 83 89 72 201 127 64 118 139 34 85 77 137 100 93 146 135 48 45 47 79 131 120 26 124 42 37 70 65 133 125 103 23 128 177 48 137 118 113 150 36 69 59 75 29 102 78 41 64 69 81 39 150 91 39 37 161 122 81 78 106 144 32 34 156 79 66 104 162 85 38 159 83 150 180 118 109 78 35 148 83 52 133 94 117 90 146 58 14 113 133 96 149 155 81 23 68 182 51 119 170 107 146 161 113 35 84 81 103 43 210 128 130 138 90 121 188 152 184 190 151 158 40 69 193 181 93 153 149 141 198 220 38 157 106 114 153 196 94 95 170 215 205 121 195 100 230 167 135 76 85 124 104 69 36 144 193 115 94 196 71 50 110 158 163 93 174 164 127 94 140 139 191 229 148 116 102 166 83 50 116 165 251 198 239 26 116 222 196 210 204 171 102 116 162 74 89 112 186 155 145 170 187 11 98 91 135 161 140 65 130 40 31 124 76 181 164 87 68 157 187 103 148 101 83 193 64 123 112 129 57 158 129 53 21 39 138 26 176 45 91 89 194 156 138 133 158 189 88 69 177 127 45 150 200 142 93 163 128 149 186 136 142 96 90 139 36 108 154 151 117 138 186 105 58 63 118 46 199 176 39 41 33 60 135 106 29 71 119 62 98 156 171 150 77 172 137 140 119 198 88 58 173 30 113 124 197 82 151 112 58 170 85 52 176 37 48 77 140 112 151 142 204 173 185 140 107 124 105 187 127 82 115 180 136 109 95 190 164 157 144 150 181 70 129 99 130 132 181 174 25 120 6 46 54 91 74 146 14 121 179 62 184 30 136 128 124 133 123 34 122 172 69 113 157 112 227 146 89 144 164 60 111 101 154 110 108 171 149 59 62 70 75 155 146 1 150 64 56 62 91 150 147 127 8 153 204 46 164 142 134 170 62 83 75 67 9 108 95 67 79 88 83 57 175 106 29 57 185 146 82 88 120 163 46 8 182 98 87 123 183 90 35 185 104 176 206 144 133 105 50 173 97 49 159 99 143 107 167 79 41 126 157 109 164 181 97 24 85 232 151 94 149 169 65 115 106 159 114 113 176 153 61 67 76 77 160 151 6 155 68 59 64 96 155 152 131 12 158 209 49 169 146 137 174 67 87 80 68 8 112 99 71 80 91 86 59 180 107 32 62 190 151 85 92 125 168 50 4 187 103 90 128 188 93 38 190 109 181 211 149 138 109 55 178 99 52 164 103 147 112 172 84 46 127 161 110 168 186 99 26 88 184 134 66 98 131 37 66 76 148 119 108 139 150 26 62 54 106 127 110 50 107 15 9 97 48 144 128 78 49 124 163 75 123 93 86 156 28 87 75 103 47 123 91 21 38 41 106 13 144 63 67 53 160 121 107 98 121 152 54 57 148 89 39 113 165 108 66 142 90 131 164 107 107 66 55 126 57 79 124 116 97 101 150 67 22 86 109 69 161 147 54 30 40 126 58 26 70 51 56 54 13 77 82 60 57 89 111 61 44 113 41 38 114 59 82 90 116 50 72 43 86 108 38 98 98 62 94 112 74 59 63 57 122 118 95 51 69 111 98 100 96 61 123 108 60 73 34 103 76 69 73 75 121 68 40 90 44 79 93 100 88 31 89 104 39 20 32 70 98 122 100 48 95 66 47 66 41 76 143 97 132 93 68 115 109 104 222 84 83 164 140 86 137 89 79 25 43 142 64 140 57 75 31 122 135 95 157 125 125 45 121 78 100 168 89 122 193 51 160 180 188 105 100 37 48 46 106 14 48 115 154 153 15 129 144 178 69 66 139 111 17 23 45 96 62 98 157 59 147 69 124 8 62 186 68 187 200 137 105 117 60 194 172 48 142 5 161 55 109 65 93 200 189 184 82 157 168 113 154 166 13 72 133 83 98 118 66 14 47 35 82 26 161 80 81 101 63 88 140 117 135 141 111 112 9 37 151 134 65 135 105 112 158 177 33 108 60 66 115 149 61 47 122 167 158 83 146 81 183 122 87 69 53 87 61 27 24 96 147 96 46 149 23 52 72 113 137 45 144 145 93 56 96 91 158 181 104 88 67 129 35 38 68 116 205 161 192 29 97 175 147 162 76 125 89 12 66 102 45 83 146 157 135 74 161 121 123 102 181 80 49 156 18 96 107 180 64 141 102 45 153 77 62 159 33 38 68 132 94 135 126 186 156 170 125 90 109 90 170 110 79 102 162 119 106 85 173 148 144 135 132 163 70 114 83 117 126 165 156 35 105 21 59 44 80 57 129 23 107 162 56 168 13 122 120 108 115 113 30 110 162 69 100 140 97 141 85 19 66 77 29 37 24 103 91 72 85 110 79 48 27 106 72 58 88 65 50 58 105 23 98 74 69 83 69 116 83 76 80 91 104 28 63 52 111 91 101 58 37 80 69 97 64 90 94 88 43 105 66 99 77 85 102 57 96 94 50 60 67 111 93 82 100 45 94 119 56 52 19 54 97 92 86 71 98 64 61 97 35 48 116 89 103 118 94 86 79 74 213 165 98 126 164 67 96 109 178 142 135 172 177 19 87 84 118 160 143 46 138 43 32 106 80 173 160 100 50 157 194 86 155 115 100 187 61 111 101 111 37 144 119 53 38 54 122 28 177 65 73 78 193 154 122 120 148 183 74 49 180 119 57 143 197 127 76 171 121 159 194 140 140 99 77 151 55 90 157 136 126 130 182 97 48 83 132 66 190 179 57 22 49 149 65 4 84 75 34 59 11 81 69 49 81 87 95 36 20 91 64 62 90 78 69 75 92 47 76 59 91 85 62 122 74 84 102 114 86 42 43 34 98 96 80 35 55 100 91 79 80 85 116 83 36 94 56 82 57 61 82 51 98 93 27 82 45 96 74 75 110 23 108 127 62 42 37 46 114 114 76 72 78 81 38 81 17 55 138 109 125 95 93 108 88 95 152 179 117 74 141 104 69 119 198 187 170 150 207 72 134 117 186 148 119 130 95 69 74 179 74 193 163 40 131 145 145 156 114 45 16 194 91 156 144 185 124 195 154 76 53 41 183 73 155 29 150 125 180 149 185 169 182 194 133 136 150 147 45 163 195 183 148 117 143 99 139 113 137 90 132 83 38 160 131 190 77 159 185 129 102 30 60 33 214 149 34 106 44 175 136 67 89 127 41 57 76 151 125 113 135 154 25 69 57 116 124 105 61 99 4 6 108 41 146 127 67 61 121 156 85 116 82 74 157 29 93 81 114 58 131 96 16 31 30 115 11 140 53 79 60 158 119 116 105 126 153 63 68 142 93 27 115 164 117 77 133 93 122 156 102 105 61 64 116 48 89 119 124 88 105 150 71 32 76 98 60 165 141 44 40 30 182 42 109 164 104 135 153 103 24 71 68 100 30 198 115 118 126 86 116 175 146 173 178 138 148 28 62 185 168 89 152 136 137 191 211 35 145 93 102 140 184 81 82 159 204 195 108 184 98 220 154 123 76 79 111 91 56 30 131 180 113 82 186 60 51 97 145 160 82 170 163 121 86 131 127 186 218 135 112 90 159 71 47 104 153 241 192 228 13 114 212 183 199 176 58 35 116 96 49 90 41 66 38 23 100 65 111 26 33 64 81 88 87 108 89 93 69 76 62 64 122 81 80 147 56 112 133 144 82 62 13 13 74 95 48 7 77 121 115 49 98 103 141 71 34 104 70 53 25 36 75 43 93 114 13 107 36 97 43 62 139 23 139 154 89 60 69 38 146 137 56 96 46 112 19 81 20 65 163 141 148 78 114 131 94 118 148 64 5 84 74 35 59 11 80 68 49 80 86 96 37 21 91 63 61 91 77 69 76 93 47 75 58 91 86 61 121 74 84 102 115 85 43 43 35 99 97 80 35 56 101 91 79 81 84 117 84 37 93 55 82 57 61 81 51 99 92 26 83 44 95 74 76 109 22 108 126 61 41 37 47 114 115 76 71 78 80 38 80 18 56 139 109 125 95 92 108 89 96 96 58 84 91 21 114 95 71 75 112 93 14 96 166 115 102 159 17 42 171 69 137 147 165 101 72 36 121 166 20 65 151 55 121 147 52 117 108 107 170 177 127 93 125 164 148 142 152 11 170 163 117 19 27 146 117 93 58 131 179 26 83 139 67 41 133 155 74 74 87 76 47 39 81 126 105 171 152 31 131 86 82 40 95 135 187 116 179 89 27 164 168 155 155 16 54 116 71 82 100 48 31 49 30 72 42 145 67 65 98 52 73 128 101 118 125 107 94 26 28 133 122 53 124 97 98 141 159 40 92 51 55 111 136 64 36 105 150 140 81 130 72 165 113 73 66 41 85 56 30 34 84 135 86 31 132 6 55 71 104 124 28 129 133 77 40 78 79 142 164 97 75 68 112 23 39 52 101 187 144 174 47 87 157 133 145</usersMatrixCost>

  <availabilityMatrix>false false false false false false false false false false false false false false false false false false false false false false false false false false false false false false false false false false false false false false false false false false false false false false false false false true false false false false false false false false false false false false false false false false false false false false false false false false false false true false false false false false false false false true false true false false true false false false false false false false false false false false false false false false false false false false false false false false false false false false false false true false false false false false true false false false false false false false false false false false false false false false false false false false false false false false false false false false false false false false false false false false false false false false false false false false false false false false false false false false false true false false false false false false false false false false false false false false false false false false false false false false false false true false false false false false false false false false false false false false false false false false false false false false false false false false false false false false false false false false false true false false false false false false false false false false false false false false false false false true true false false false false false false false false false false false false false false false false false false false false false false false false false false false false false false false false false false false false false false false true false false false false false false false false true false false true false false false false false false false false false false false false false false false false false false true false false false false false false false false false false false false false false false true false false false false false false false false false false true false false false false false false false false false false false false false false false false false false false false false false false false false false false false true false false false false false false false false false false false false false false false false false false false false false false false false false false false false false false false false false false false false false false false false false false false false false false false false false false false false false false false false false false false false false false false false false false false false false false false false false false false false false false false true false false false false false false false false false false false false false false false false false false false false false false false false false false false false false true false false false false false false false false false false false false false false false false false false false false false false false false false false false false false false false false false false false false true false true true false false false false false false false false false false false false false false false false false false false false false false false false false true false false false false false false false false false false false false false false false false true false false false false false false false false false false false true false false false false false false false false false false false false false false false false false false false false false false false false false false false false false false false false false false false false false false true false false false false false false false false true false false false false false false false false false false false false false false false false false false false false false false false false false false false false false false false false false false false false false true false false false false false false false false false false false false false false false false false false false false false false false false false false false false false false true false false false false false false true false false false false false false false false false false false false false false false false false false false false false false false false false false false false false false false false false false false false false false false false false false false true false false false false false false false false false false false false false false false false false false false false false false false true false false false false false false false false false false false false true false false false false false false true false false false false false false false false false false false false false false false true false false false false false false false false true false false false false false false false false false false false false false false false false false false false false false false false false false true false false false false false false true false false false false false false false false false false false false false false false true false true false false false false true false false false false false false false true false false false false false false false false false false true false false false false false false false false false false false false false true false false false false false false false false false false false false false false false false false false false true false false false false false false false false false false false false false false false false false true false false false false false false false false false false false false false false false false false false false false false false false false false false false false false false false false false false false false false false false false false false false false false false false false true false false false false false false false false false false false false false false false false false false false false false false false false false false false false false false false false false false false false false false false false false false false false false false false false false false false false false false false false false false false false false false false false false false false false false false false false false false false false false false false false false false false false false false false false false false false false false false false false false false false false false false false true false false false false false false false false false false false false false false false false false false false false false false false false false false false false false false false false false false false false false false false false false false false false false false false false false false false false false false false false false false false false false false false false false false false false false false false false false false false false false false false false false false false false false false false false false false false false false false false false false false false false false false false false false false false false false false false false false false true false false false false false false false false false false false false false false false false false false false false false false false false false false false false false false true false false false false false false false false false false false false false false false false false false false false false false false false false false false false false false false false false false false false false false false false false false false false false false false false false false false false false false false false false false false false false false false false false false false false false false false false false false false false false false false false false false false false false false false false false false false false false false false false false false false false false false false false false false false false false false false false false false false false false true false false false false false true false false false false false false false false false false false false false false false false false false false false false false false false false false false false false false false false false false false false true false false false false false false false false true false false false false false false false false false false false true false false false false false false false false false false false false false false false false false false true false false false false false false false false false false false false false false false false false false false false false false false false false false false false false false false false false false false false false false false false false false false false false false false false false false false false true false false false false false false false false true false false false false false false false false false false false true false false false false false false false false false false false false false false false false false false true false false false false false false false false false false false false false false false false false false false false false false false false false false false false false false false false false false false false false false false false false false false false false false false false false false false false false false true true false false false false false false false false false false false false false true false false false false false false false false false false true false false false false false false false false false false false false false false false false false false false false false false false false false false false false false false false false false false false false false false false false false false false false false false false false false false false false true false false false false false false false false false false false false false false false false false false false false false false false false false false false false false false false false false false false false false false false false false false false false false false false false false false false false false false false false false false false false false false false false true false false false false false false false false false false false false false false false false false false false false false false false false false false false false false true false false false false false false false false false false false false false false false false false false false false false false false false false false false false false false false true false false false false true false false false false false false false true true false false false false false false false false false true false false false false false false false false false false false false false true false false false false false false false false false false false false false false true false false false false false false true false false false true false false false false false false false false false false false false true false false false false false false false false false true false false false false false false false false false false false false false false false false false false false false false true false false false false false false false false false false false false false false false false false false false false false false false false true false false false false false false false false false false false false false true false false false false false false false false false false false false false false false false true false false false false false false false false false false false false false false false false false false false false false false false false false false false false false false false false false false false false false false false false false false false false false false false false false false false false false false false false false false false true false false false false false false false false false false false false false false true false false true false false false false false false false false false false false false false false false false false false false false false false false false false false false false false false true false false false false false false false false false false false false false false false false false false false false false false false false false false false false false false false false false false false false true false false false false false false false false false false false false false false false false false false false false false false false false false false false false false false false false true false false false false false false false false false false false false false false false false false false false false false false false false false false false false false false false false false false false false false false false false false false false false false false false false false false false false false false false false false false false false false false false false false false false false false false false false false false false false false true false false false true false false false false true false false false false false false false true false false false false false false false false false false false false false false false false false false false false false false false false false false false false false false false false false false false false false false false false false false false false false false false false false false false false false false false false false false false false false false false false false false false true false false false false false false false false false false false false false false false false false false false false false false false false false false false false false false false false false false false false false false false false false false false true false false false false false false false false false false false false false false false false false false false false false false false false false false false false false false false false false false false false false false false false false false false false false false false false false false false false false false false false false false false false false false false false false false false false false false false false false false false false false false false true true false false false false false false false false false false false false false false false false false false false false true false true false true false false false false false false false false false false false false false false true false false false false false false false false false false false false false false false false false false false false false false false false false false false false false true false false false false false false false false false false false false false false false false false false false false false false false false false false false false false false false false false false false false false false false false false false false false false false false false false false false false false false false false false false false false false false false false false false false false false false false false false false false false false false false false false false false false false false false false true false false false false false false false false false false false false false false true false false false false false false false false false false false false false false false false false false false false false false false false false false true true false false false true false false false false false false false false false false false false false false false false false false true false false false false false false false false false false false false false false false false false false false true false true false false false false false false false false false false false true false false false false true false false false false false false false false false false false false false false false false false false false false false false false false false false false false false false false false false false false false false false false false false false false false false false false false false false false false false false false false false false false false true false false false false false false false false false false false false false false true false false false false false false false false false false false false false true false false false false false false true false false false false false true false false false false false false false false false false false true false false false false false false false false false false false false false false false false false false true false false false true false false false false false false false true false false false true false false false false false false false false false false false false false true false false false false false false false false false false true false false false false true false false false false false false false false false false false false false false false false false false false false false false false false true false false false false false false false false false false false false false false false false false false false false false false false false false false false false false false false false false false false false true false false false false false false false false false false false false false false false false false false false false false false false false false false false false false</availabilityMatrix>

  <nodesCoords>4294967263 33 78 4294967209 9 4294967217 4294967260 4 66 39 92 4294967279 4294967250 4294967217 4294967266 4294967233 4294967254 63 20 42 15 98 1 4294967279 64 20 4294967200 85 93 4294967267 4294967256 4294967212 86 35 91 36 62 4294967288 4294967272 4 11 96 4294967243 62 4294967268 4294967225 7 4294967292 95 4294967287 4294967293 17 53 4294967206 58 4294967277 4294967213 84 4294967295 49 4294967292 17 4294967214 4294967293 4294967253 47</nodesCoords>

  <usersCoords>4294967197 4294967199 4294967237 50 0 14 4294967279 4294967230 4294967227 4294967277 31 12 5 4294967255 4294967284 10 4294967232 70 4294967284 85 4294967278 64 4294967219 4294967280 4294967243 88 83 4294967272 24 41 17 21 42 96 4294967231 0 4294967249 4294967270 85 36 4294967261 4294967242 54 4294967275 64 4294967279 55 89 17 4294967271 4294967235 66 4294967235 26 17 4294967224 79 38 4294967234 4294967294 4294967206 4294967228 52 66 4294967242 4294967246 8 4294967212 37 4294967206 4294967213 49 35 4294967295 7 59 12 48 57 95 92 28 4294967293 97 4294967289 52 42 4294967281 77 4294967253 59 4294967247 25 91 69 4294967277 4294967214 4294967282 74 4294967226 69 59 29 33 4294967199 9 4294967238 9 28 93 7 73 4294967268 73 4294967220 55 41 42 92 40 4294967212 4294967267 4294967284 42 51 4294967251 4294967259 46 4294967199 35 14 89 60 58 4294967233 4294967221 4294967278 34 4294967250 4294967214 4294967210 4294967217 4294967253 4294967266 4294967252 7 4294967293 4294967276 36 41 4294967266 4294967202 79 4294967234 51 70 4294967235 4294967270 6 94 4294967277 4294967234 4294967276 51 4294967215 37 7 31 52 12 83 4294967205 4294967289 4294967204 82 4294967222 4294967226 85 4294967213 4294967266 71 4294967235 85 11 66 4294967248</usersCoords>

</TPPInPutXML>
