<?xml version="1.0" encoding="UTF-8" standalone="no" ?>
<TPPInPutXML xmlns:xsi="http://www.w3.org/2001/XMLSchema-instance" xsi:noNamespaceSchemaLocation="GTPPXMLInPut.xsd">

  <instanceName>G00_n151_u112</instanceName>

  <Comment>Problem instance cor MVTPP</Comment>

  <nNodes>39</nNodes>

  <nUsers>112</nUsers>

  <nodesMatrixCost>0 77 35 104 54 135 34 150 105 71 36 33 61 17 55 122 119 88 81 46 97 64 125 35 70 46 89 136 77 69 113 122 132 101 34 119 40 174 52 77 0 72 171 100 134 80 191 124 95 49 80 136 73 102 59 137 164 156 37 79 141 83 68 45 121 160 212 136 118 186 135 171 169 63 68 76 206 100 35 72 0 135 89 164 67 185 137 37 54 67 71 18 90 128 151 101 92 35 120 83 141 64 86 59 119 159 112 104 138 154 168 132 61 131 5 209 28 104 171 135 0 76 138 91 83 100 164 123 91 87 119 73 196 105 78 83 148 142 67 179 104 142 88 18 57 39 61 33 115 77 4 109 183 138 113 136 54 100 89 76 0 88 23 98 53 126 54 24 89 71 2 121 66 104 102 86 70 78 106 33 66 78 69 126 37 18 99 71 79 74 38 109 94 119 105 135 134 164 138 88 0 101 91 38 201 112 102 177 149 89 111 34 190 189 144 55 165 74 100 91 166 141 195 104 88 170 23 77 138 103 90 170 89 186 34 80 67 91 23 101 0 121 71 104 32 1 81 50 25 110 85 102 98 63 70 76 103 13 54 68 81 136 56 41 110 88 102 89 17 101 72 142 86 150 191 185 83 98 91 121 0 71 221 149 121 161 167 96 190 63 159 163 183 127 142 159 129 148 156 97 133 77 82 115 72 19 86 134 171 190 30 197 105 124 137 100 53 38 71 71 0 175 90 72 141 121 54 119 14 152 152 124 56 128 89 74 80 130 103 158 66 50 132 18 53 101 78 100 143 82 157 71 95 37 164 126 201 104 221 175 0 89 104 87 54 127 154 189 115 105 62 154 104 172 101 119 79 147 179 146 140 162 191 204 161 98 160 32 245 29 36 49 54 123 54 112 32 149 90 89 0 32 96 42 55 87 104 122 116 34 66 97 90 20 35 81 111 164 88 72 139 105 130 121 15 84 59 168 79 33 80 67 91 24 102 1 121 72 104 32 0 81 49 25 110 85 102 97 62 71 75 104 13 54 67 81 135 56 41 109 89 103 89 18 102 72 143 85 61 136 71 87 89 177 81 161 141 87 96 81 0 63 88 183 152 30 21 101 151 20 183 90 130 15 69 92 85 92 76 159 148 83 91 179 71 189 58 17 73 18 119 71 149 50 167 121 54 42 49 63 0 72 124 135 92 84 37 107 71 132 48 77 49 103 147 94 86 124 138 150 116 46 124 23 191 38 55 102 90 73 2 89 25 96 54 127 55 25 88 72 0 123 66 103 101 87 72 77 108 35 69 77 67 124 35 16 97 72 78 72 40 111 95 119 105 122 59 128 196 121 111 110 190 119 154 87 110 183 124 123 0 128 209 203 94 62 183 38 98 56 168 189 245 157 136 219 121 171 195 95 21 133 196 156 119 137 151 105 66 34 85 63 14 189 104 85 152 135 66 128 0 162 162 138 66 138 96 88 93 142 109 162 74 60 137 11 46 105 92 108 157 69 170 88 164 101 78 104 190 102 159 152 115 122 102 30 92 103 209 162 0 10 130 172 26 205 113 154 43 62 66 89 102 57 170 149 74 115 203 101 188 86 81 156 92 83 102 189 98 163 152 105 116 97 21 84 101 203 162 10 0 121 168 24 201 108 149 35 67 76 91 102 65 170 152 80 109 198 91 192 76 46 37 35 148 86 144 63 183 124 62 34 62 101 37 87 94 138 130 121 0 94 108 110 53 58 86 134 182 117 103 158 139 164 145 48 98 39 202 63 97 79 120 142 70 55 70 127 56 154 66 71 151 107 72 62 66 172 168 94 0 145 37 63 37 138 138 195 103 81 169 60 109 141 63 44 125 135 145 64 141 83 67 78 165 76 142 128 104 97 75 20 71 77 183 138 26 24 108 145 0 179 87 128 25 49 77 68 78 58 146 130 63 89 177 84 171 75 125 83 141 179 106 74 103 159 89 172 90 104 183 132 108 38 96 205 201 110 37 179 0 93 56 169 175 232 140 118 205 88 141 178 92 18 146 162 168 35 68 64 104 33 100 13 129 74 101 20 13 90 48 35 98 88 113 108 53 63 87 93 0 42 76 94 149 68 51 122 90 110 102 5 90 69 149 86 70 45 86 142 66 91 54 148 80 119 35 54 130 77 69 56 93 154 149 58 37 128 56 42 0 115 133 189 103 83 163 90 129 140 39 49 91 162 113 46 121 59 88 78 166 68 156 130 79 81 67 15 49 77 168 142 43 35 86 138 25 169 76 115 0 70 101 79 83 82 149 142 84 76 164 59 184 50 89 160 119 18 69 141 81 97 103 147 111 81 69 103 67 189 109 62 67 134 138 49 175 94 133 70 0 57 37 57 30 119 88 14 98 177 122 127 119 136 212 159 57 126 195 136 133 158 179 164 135 92 147 124 245 162 66 76 182 195 77 232 149 189 101 57 0 94 114 27 172 131 57 152 234 161 162 150 77 136 112 39 37 104 56 77 66 146 88 56 85 94 35 157 74 89 91 117 103 68 140 68 103 79 37 94 0 21 67 83 63 38 73 144 116 105 120 69 118 104 61 18 88 41 82 50 140 72 41 92 86 16 136 60 102 102 103 81 78 118 51 83 83 57 114 21 0 88 68 64 60 56 122 108 105 117 113 186 138 33 99 170 110 115 132 162 139 109 76 124 97 219 137 57 65 158 169 58 205 122 163 82 30 27 67 88 0 147 110 32 126 208 140 145 132 122 135 154 115 71 23 88 72 18 191 105 89 159 138 72 121 11 170 170 139 60 146 88 90 90 149 119 172 83 68 147 0 56 116 94 101 159 75 174 132 171 168 77 79 77 102 19 53 204 130 103 148 150 78 171 46 149 152 164 109 130 141 110 129 142 88 131 63 64 110 56 0 79 115 153 172 42 180 101 169 132 4 74 138 89 86 101 161 121 89 83 116 72 195 105 74 80 145 141 63 178 102 140 84 14 57 38 60 32 116 79 0 107 182 135 116 133 34 63 61 109 38 103 17 134 78 98 15 18 91 46 40 95 92 115 109 48 63 89 92 5 39 76 98 152 73 56 126 94 115 107 0 88 66 154 84 119 68 131 183 109 90 101 171 100 160 84 102 179 124 111 21 108 203 198 98 44 177 18 90 49 164 177 234 144 122 208 101 153 182 88 0 136 176 159 40 76 5 138 94 170 72 190 143 32 59 72 71 23 95 133 157 101 91 39 125 84 146 69 91 59 122 161 116 108 140 159 172 135 66 136 0 213 24 174 206 209 113 119 89 142 30 82 245 168 143 189 191 119 196 69 188 192 202 135 171 162 149 162 184 127 162 105 105 145 75 42 116 154 176 213 0 222 52 100 28 136 105 186 86 197 157 29 79 85 58 38 105 156 170 86 76 63 145 75 168 86 113 50 119 150 120 117 132 174 180 133 84 159 24 222 0</nodesMatrixCost>

  <usersMatrixCost>222 84 83 164 140 86 137 89 79 25 43 142 64 140 57 75 31 122 135 95 157 125 125 45 121 78 100 168 89 122 193 51 160 180 188 105 100 37 48 46 106 14 48 115 154 153 15 129 144 178 69 66 139 111 17 23 45 96 62 98 157 59 147 69 124 8 62 186 68 187 200 137 105 117 60 194 172 48 142 5 161 55 109 65 93 200 189 184 82 157 168 113 154 195 175 103 79 139 184 164 62 55 4 113 93 108 149 187 97 100 116 98 166 13 72 133 83 98 118 66 14 47 35 82 26 161 80 81 101 63 88 140 117 135 141 111 112 9 37 151 134 65 135 105 112 158 177 33 108 60 66 115 149 61 47 122 167 158 83 146 81 183 122 87 69 53 87 61 27 24 96 147 96 46 149 23 52 72 113 137 45 144 145 93 56 96 91 158 181 104 88 67 129 35 38 68 116 205 161 192 29 97 175 147 162 198 154 60 121 165 141 127 11 76 77 96 124 49 172 147 142 146 135 65 76 125 89 12 66 102 45 83 146 157 135 74 161 121 123 102 181 80 49 156 18 96 107 180 64 141 102 45 153 77 62 159 33 38 68 132 94 135 126 186 156 170 125 90 109 90 170 110 79 102 162 119 106 85 173 148 144 135 132 163 70 114 83 117 126 165 156 35 105 21 59 44 80 57 129 23 107 162 56 168 13 122 120 108 115 113 30 110 162 69 100 140 97 107 38 75 145 132 20 8 135 123 174 61 129 170 128 18 156 160 110 75 141 85 19 66 77 29 37 24 103 91 72 85 110 79 48 27 106 72 58 88 65 50 58 105 23 98 74 69 83 69 116 83 76 80 91 104 28 63 52 111 91 101 58 37 80 69 97 64 90 94 88 43 105 66 99 77 85 102 57 96 94 50 60 67 111 93 82 100 45 94 119 56 52 19 54 97 92 86 71 98 64 61 97 35 48 116 89 103 118 94 86 79 74 109 75 44 73 86 92 70 83 48 102 14 62 136 90 93 88 93 55 32 213 165 98 126 164 67 96 109 178 142 135 172 177 19 87 84 118 160 143 46 138 43 32 106 80 173 160 100 50 157 194 86 155 115 100 187 61 111 101 111 37 144 119 53 38 54 122 28 177 65 73 78 193 154 122 120 148 183 74 49 180 119 57 143 197 127 76 171 121 159 194 140 140 99 77 151 55 90 157 136 126 130 182 97 48 83 132 66 190 179 57 22 49 80 111 132 56 9 157 136 155 91 134 94 42 213 20 154 45 45 33 120 149 65 4 84 75 34 59 11 81 69 49 81 87 95 36 20 91 64 62 90 78 69 75 92 47 76 59 91 85 62 122 74 84 102 114 86 42 43 34 98 96 80 35 55 100 91 79 80 85 116 83 36 94 56 82 57 61 82 51 98 93 27 82 45 96 74 75 110 23 108 127 62 42 37 46 114 114 76 72 78 81 38 81 17 55 138 109 125 95 93 108 88 95 132 97 35 72 101 105 84 60 34 83 34 67 115 106 108 91 96 70 25 152 179 117 74 141 104 69 119 198 187 170 150 207 72 134 117 186 148 119 130 95 69 74 179 74 193 163 40 131 145 145 156 114 45 16 194 91 156 144 185 124 195 154 76 53 41 183 73 155 29 150 125 180 149 185 169 182 194 133 136 150 147 45 163 195 183 148 117 143 99 139 113 137 90 132 83 38 160 131 190 77 159 185 129 102 30 60 33 214 149 34 106 44 25 45 129 130 83 100 87 180 136 192 90 111 230 73 93 129 132 82 122 175 136 67 89 127 41 57 76 151 125 113 135 154 25 69 57 116 124 105 61 99 4 6 108 41 146 127 67 61 121 156 85 116 82 74 157 29 93 81 114 58 131 96 16 31 30 115 11 140 53 79 60 158 119 116 105 126 153 63 68 142 93 27 115 164 117 77 133 93 122 156 102 105 61 64 116 48 89 119 124 88 105 150 71 32 76 98 60 165 141 44 40 30 71 77 97 59 34 120 98 129 72 125 57 39 186 36 118 61 64 12 85 182 42 109 164 104 135 153 103 24 71 68 100 30 198 115 118 126 86 116 175 146 173 178 138 148 28 62 185 168 89 152 136 137 191 211 35 145 93 102 140 184 81 82 159 204 195 108 184 98 220 154 123 76 79 111 91 56 30 131 180 113 82 186 60 51 97 145 160 82 170 163 121 86 131 127 186 218 135 112 90 159 71 47 104 153 241 192 228 13 114 212 183 199 235 187 93 156 202 167 156 46 111 99 131 160 13 209 173 176 180 172 99 176 58 35 116 96 49 90 41 66 38 23 100 65 111 26 33 64 81 88 87 108 89 93 69 76 62 64 122 81 80 147 56 112 133 144 82 62 13 13 74 95 48 7 77 121 115 49 98 103 141 71 34 104 70 53 25 36 75 43 93 114 13 107 36 97 43 62 139 23 139 154 89 60 69 38 146 137 56 96 46 112 19 81 20 65 163 141 148 78 114 131 94 118 157 128 57 68 114 136 116 43 22 52 66 71 102 122 139 88 93 85 51 148 64 5 84 74 35 59 11 80 68 49 80 86 96 37 21 91 63 61 91 77 69 76 93 47 75 58 91 86 61 121 74 84 102 115 85 43 43 35 99 97 80 35 56 101 91 79 81 84 117 84 37 93 55 82 57 61 81 51 99 92 26 83 44 95 74 76 109 22 108 126 61 41 37 47 114 115 76 71 78 80 38 80 18 56 139 109 125 95 92 108 89 96 132 97 35 73 102 105 84 60 35 83 34 68 114 107 107 92 97 71 24 96 58 84 91 21 114 95 71 75 112 93 14 96 166 115 102 159 17 42 171 69 137 147 165 101 72 36 121 166 20 65 151 55 121 147 52 117 108 107 170 177 127 93 125 164 148 142 152 11 170 163 117 19 27 146 117 93 58 131 179 26 83 139 67 41 133 155 74 74 87 76 47 39 81 126 105 171 152 31 131 86 82 40 95 135 187 116 179 89 27 164 168 155 181 119 47 154 175 84 79 77 111 140 84 148 89 177 91 172 177 144 58 155 16 54 116 71 82 100 48 31 49 30 72 42 145 67 65 98 52 73 128 101 118 125 107 94 26 28 133 122 53 124 97 98 141 159 40 92 51 55 111 136 64 36 105 150 140 81 130 72 165 113 73 66 41 85 56 30 34 84 135 86 31 132 6 55 71 104 124 28 129 133 77 40 78 79 142 164 97 75 68 112 23 39 52 101 187 144 174 47 87 157 133 145 181 136 44 109 149 126 111 16 63 77 78 110 65 156 131 130 134 119 47 139 86 21 64 76 31 35 24 103 93 74 84 111 79 50 29 108 71 57 89 63 50 59 107 22 98 74 67 85 68 114 85 74 78 90 105 29 65 54 113 92 103 59 37 80 68 99 64 88 93 91 45 104 66 101 79 86 102 59 98 93 51 60 67 111 95 84 98 47 92 117 55 52 17 56 95 92 88 70 100 61 63 97 37 49 115 87 102 119 92 85 81 73 108 73 43 75 87 90 67 84 50 104 12 64 137 90 91 90 95 56 32 259 138 110 187 182 95 154 121 137 83 95 187 123 124 74 94 28 167 171 65 186 121 116 18 135 135 150 179 62 166 231 38 194 193 192 161 106 75 77 14 74 73 90 117 142 148 46 118 189 169 40 78 190 156 42 68 101 152 64 63 200 100 145 119 179 57 42 219 109 215 237 171 146 140 67 217 161 35 181 64 184 102 163 93 89 190 206 173 141 200 160 89 147 186 188 142 60 118 212 190 118 76 55 135 79 167 130 214 66 66 107 134 180 150 80 93 137 55 64 89 165 139 127 146 168 16 83 71 128 136 115 67 106 16 13 119 51 160 140 67 68 133 163 96 124 81 68 170 43 107 95 124 62 145 110 30 17 22 127 10 151 41 88 73 169 132 128 119 140 167 76 73 152 107 23 129 177 130 87 139 107 126 162 111 118 72 77 118 35 100 129 138 93 119 163 86 44 64 98 47 179 151 32 43 19 59 77 109 68 27 124 104 143 86 138 68 49 200 25 121 66 69 22 98 67 87 104 85 27 132 100 91 104 141 121 22 125 177 138 122 185 42 47 191 64 148 159 191 111 102 65 119 186 43 38 175 45 115 144 80 132 135 132 196 195 156 120 137 171 154 170 163 20 173 186 138 39 53 173 144 122 87 153 199 10 109 146 95 65 161 177 55 99 71 50 51 62 92 148 91 176 176 33 159 82 110 68 118 152 187 107 181 117 11 168 184 161 181 114 67 174 186 69 72 107 135 168 96 166 115 187 76 191 196 158 78 77 78 100 90 25 129 101 87 95 133 113 17 116 177 133 118 179 35 47 188 68 148 158 185 111 92 57 123 182 37 48 169 50 120 149 70 130 128 126 190 192 148 113 136 173 156 163 163 13 175 181 134 29 46 166 137 114 77 149 195 13 103 147 87 55 153 173 63 93 78 60 52 57 91 144 98 178 171 34 152 86 103 58 113 149 191 113 184 108 15 170 182 162 185 119 63 171 186 76 77 98 130 161 95 163 105 187 84 188 193 156 74 191 47 66 143 107 83 121 68 44 12 13 109 34 145 58 68 66 89 106 114 132 123 127 77 109 41 65 154 107 89 161 74 131 164 177 68 96 33 44 80 123 27 29 112 155 149 48 132 110 175 92 67 102 77 52 28 8 59 71 119 123 36 142 35 87 37 83 158 43 161 169 109 74 99 67 171 171 72 110 32 139 26 72 54 98 198 170 183 50 124 166 125 152 192 159 75 95 147 158 140 25 54 42 97 102 75 156 162 115 119 119 73 211 124 68 131 144 41 98 81 132 90 86 151 128 64 40 50 63 134 128 21 134 59 54 53 78 128 125 119 15 132 186 31 147 133 130 147 48 61 53 58 29 90 73 56 81 86 67 56 155 107 23 35 163 125 67 67 99 141 24 28 162 76 83 101 161 72 21 169 82 162 190 126 112 88 28 161 100 35 140 81 129 85 145 57 28 129 147 112 142 162 98 33 85 125 128 105 3 61 160 137 109 44 78 83 17 167 72 160 22 27 45 94 83 70 77 71 1 106 78 65 89 119 98 8 108 153 112 96 161 20 24 164 49 124 134 165 87 85 46 102 160 19 53 149 35 102 128 69 107 110 106 171 169 134 95 112 149 132 145 139 13 153 159 112 39 30 149 120 101 74 127 172 17 84 124 73 60 137 151 56 74 67 62 29 37 67 122 85 155 150 11 136 67 86 57 92 126 169 96 162 104 17 147 158 139 163 99 41 148 162 65 59 87 109 145 71 140 107 163 72 165 170 132 51 247 148 102 168 178 78 135 114 152 102 106 184 143 89 68 84 55 166 163 29 171 92 85 41 115 149 154 154 28 164 222 36 183 169 163 172 85 81 78 43 37 96 96 92 109 118 68 86 187 136 20 67 193 156 66 81 116 164 52 25 196 103 116 126 187 78 29 206 110 199 226 162 144 125 57 198 127 37 175 87 166 109 171 88 64 156 184 139 159 196 127 54 115 152 164 138 34 82 197 174 130 72 80 120 51 185 94 196 30 29 77 128 161 65 15 97 86 34 70 24 78 58 40 91 81 97 25 17 78 73 74 83 91 72 77 80 56 73 63 102 78 71 134 62 97 113 124 87 45 30 21 86 90 68 25 59 104 97 66 82 94 122 73 27 101 63 69 44 53 82 41 91 104 19 89 43 99 61 65 123 21 121 139 74 51 49 36 127 119 64 84 65 93 31 83 5 53 145 121 130 91 103 113 85 100 139 108 45 65 101 118 97 56 22 70 46 63 113 108 121 84 89 70 36 203 92 54 133 127 45 102 65 98 53 51 132 91 95 18 39 40 113 115 56 130 81 80 39 84 94 99 130 50 112 175 21 138 143 147 116 58 26 23 45 66 54 40 73 109 109 35 84 135 133 36 24 139 103 36 31 63 109 17 61 145 47 104 71 132 37 27 163 56 160 181 116 92 85 16 164 128 22 125 46 130 53 116 37 49 156 154 140 107 145 124 69 110 151 138 87 38 95 157 136 75 20 45 81 48 132 105 159 57 62 71 78 107 45 70 89 25 101 89 58 64 98 78 23 84 156 100 88 144 8 39 158 69 127 136 150 92 61 22 117 152 11 77 136 58 119 144 45 105 93 92 155 163 113 78 114 155 140 127 141 23 163 149 103 27 12 131 102 79 49 117 166 38 68 131 52 40 118 140 81 59 91 86 45 26 72 112 108 164 137 33 116 85 67 33 81 122 181 117 172 79 38 156 155 146 175 116 34 140 164 88 80 64 97 125 75 135 83 167 95 159 164 133 46 73 108 80 23 48 97 46 71 129 143 122 56 145 125 115 95 172 62 31 154 4 98 109 172 63 124 85 57 150 59 53 152 17 54 82 114 91 123 115 178 155 157 112 90 116 97 160 113 61 113 157 111 88 68 163 137 129 117 126 162 53 101 90 102 108 154 150 31 92 27 53 26 63 50 122 39 117 154 38 156 20 109 102 98 113 126 48 121 145 52 109 140 104 120 52 60 141 136 24 11 119 114 163 55 127 152 134 28 154 158 111 62 19 147 135 69 77 154 101 125 166 192 171 79 185 178 171 151 227 96 76 211 61 153 164 228 120 162 122 100 207 95 29 208 52 89 117 144 149 177 170 234 211 207 164 146 165 146 214 167 81 156 214 168 105 106 217 189 176 150 183 219 66 153 140 147 131 207 207 26 143 36 17 75 108 107 179 50 162 211 72 208 69 158 132 153 170 163 73 163 180 65 155 196 153 158 90 108 198 189 38 59 163 170 215 112 184 181 185 41 211 215 167 114 110 104 53 30 67 62 10 49 124 124 104 76 136 89 85 64 143 72 44 117 34 62 72 141 26 119 86 40 114 68 90 119 50 47 66 118 55 99 89 148 118 136 91 53 82 65 133 77 81 85 123 80 104 72 136 113 114 118 93 125 80 81 56 91 118 129 117 68 74 59 90 39 60 19 90 60 87 123 57 133 27 91 107 71 76 102 53 94 140 79 79 103 72 96 42 53 105 99 57 35 109 85 138 23 91 154 99 57 117 122 74 47 131 98 37 51 77 41 19 38 117 109 90 85 126 75 65 44 123 76 55 96 54 46 56 121 9 112 84 51 93 73 108 98 68 62 74 115 34 81 70 127 98 120 76 35 72 58 114 61 90 82 101 59 109 73 117 95 102 114 72 104 92 67 49 82 119 111 95 89 62 81 110 52 60 11 69 81 81 102 69 116 48 78 107 53 56 102 72 90 132 91 74 84 64 96 57 51 84 84 79 56 99 65 120 9 70 149 85 78 97 101 56 41 43 126 109 45 58 127 75 99 146 168 146 62 164 153 145 124 200 76 52 184 34 127 138 202 93 142 102 78 181 74 30 181 27 69 99 127 122 151 144 208 185 182 139 120 142 123 188 142 65 135 187 141 92 85 191 164 153 132 156 192 52 128 116 124 117 181 181 2 118 16 25 49 85 81 152 36 141 184 50 183 44 133 115 127 143 145 56 143 161 51 133 170 130 139 70 84 171 164 15 34 140 143 190 86 158 165 161 22 184 189 141 88 190 153 84 103 145 56 73 94 168 139 127 153 170 7 82 73 123 143 123 59 116 22 13 113 59 163 145 77 60 139 172 91 133 92 78 174 46 106 95 119 52 143 111 35 21 32 124 8 158 48 81 72 176 138 125 117 141 170 73 64 160 109 34 132 182 127 82 149 109 136 172 119 123 79 75 128 40 95 137 135 103 121 168 87 42 69 109 52 181 159 39 34 28 65 88 115 62 17 135 114 145 85 135 75 44 203 18 132 58 60 20 103 150 162 98 66 129 85 53 101 181 168 151 137 189 58 115 97 167 134 106 113 86 50 56 160 56 176 147 32 113 131 139 137 105 43 22 178 71 137 125 166 108 176 135 56 40 24 164 56 143 25 132 106 166 134 165 150 163 177 113 119 139 128 26 145 180 164 129 112 125 96 135 101 121 73 113 82 31 141 119 171 69 140 169 110 83 39 60 33 196 138 24 90 29 33 41 113 111 69 95 79 162 117 172 72 92 213 61 90 112 115 64 105 75 122 87 13 63 101 44 80 142 154 133 70 158 121 122 101 179 76 45 155 15 96 107 179 64 138 99 47 152 73 60 157 30 41 71 128 93 132 123 185 155 167 122 89 110 91 168 110 75 104 161 117 102 82 171 146 141 131 131 163 67 111 84 114 123 163 155 34 103 21 57 40 76 55 127 26 109 160 52 166 13 119 117 106 115 115 33 112 158 65 101 140 98 110 41 72 144 132 19 5 132 121 172 60 129 167 129 19 155 160 110 72 165 62 20 102 88 37 75 27 74 53 36 93 76 100 24 21 74 74 77 84 95 76 81 77 61 70 63 107 78 73 137 60 100 118 129 85 49 26 18 83 91 63 20 64 108 101 62 86 96 127 72 28 101 64 65 39 49 80 41 91 106 15 93 40 98 57 64 126 19 125 143 78 52 54 36 132 124 62 86 60 98 27 82 7 56 149 126 135 87 106 118 87 105 143 113 48 65 104 122 102 52 21 66 51 65 110 112 125 85 90 74 39 249 139 101 173 176 81 140 113 141 89 96 181 130 103 65 83 39 162 162 44 174 103 97 24 120 139 148 162 41 161 222 28 184 177 174 163 90 73 72 26 53 82 88 100 122 129 53 98 184 149 22 66 188 152 51 70 105 155 52 42 194 96 127 119 179 64 27 208 105 203 227 162 141 127 56 203 141 28 173 73 171 101 163 85 72 170 191 153 147 194 140 68 127 166 172 136 41 97 200 178 120 68 65 122 60 173 109 201 45 45 88 126 166 14 77 136 84 103 122 71 8 51 40 82 25 166 85 86 105 64 91 146 120 141 146 116 116 4 38 155 139 66 136 110 114 162 181 29 113 65 72 119 154 64 52 127 172 163 87 152 82 188 127 92 67 55 91 66 31 20 101 152 97 51 154 28 49 76 118 139 50 146 146 95 59 100 97 160 186 109 90 71 132 40 35 73 122 210 164 197 24 97 180 153 167 203 158 64 126 170 144 130 16 81 81 100 130 43 177 149 147 152 140 69 181 204 138 104 170 120 95 142 222 205 190 178 229 73 150 135 197 176 147 133 125 81 82 188 97 217 189 70 135 173 174 166 144 75 46 220 107 173 161 194 125 212 174 91 54 53 196 79 184 28 157 140 208 176 198 186 202 219 145 137 179 168 61 186 222 198 157 147 165 129 169 142 163 115 145 112 35 170 160 206 107 180 211 148 113 6 89 23 237 178 38 108 52 11 75 155 137 81 129 117 202 152 206 114 118 255 69 123 132 133 91 146 153 22 90 136 75 119 128 82 22 74 63 71 43 181 105 103 129 57 87 166 118 154 161 139 126 22 35 160 160 60 123 132 108 165 186 7 128 87 92 143 174 88 73 141 185 174 111 166 69 198 149 111 49 51 114 89 55 4 122 173 84 69 165 44 26 100 140 131 65 141 134 93 60 107 117 157 197 132 83 94 132 60 18 90 139 219 164 207 32 85 190 171 179 212 161 67 147 186 138 128 39 101 104 108 148 34 192 145 167 172 155 76</usersMatrixCost>

