<?xml version="1.0" encoding="UTF-8" standalone="no" ?>
<TPPInPutXML xmlns:xsi="http://www.w3.org/2001/XMLSchema-instance" xsi:noNamespaceSchemaLocation="GTPPXMLInPut.xsd">

  <instanceName>G00_n76_u56</instanceName>

  <Comment>Problem instance cor MVTPP</Comment>

  <nNodes>20</nNodes>

  <nUsers>56</nUsers>

  <nodesMatrixCost>0 40 48 75 125 80 23 115 14 64 73 96 112 15 116 124 64 28 61 69 40 0 51 76 124 116 35 142 28 79 45 89 152 40 156 163 104 68 96 72 48 51 0 118 169 84 65 162 40 29 96 136 131 62 140 134 91 58 105 113 75 76 118 0 51 144 53 88 78 138 54 25 157 60 151 175 111 92 76 5 125 124 169 51 0 189 104 94 129 189 92 37 193 110 184 214 152 140 112 56 80 116 84 144 189 0 101 136 89 65 153 168 51 91 65 50 41 54 81 139 23 35 65 53 104 101 0 107 25 85 54 74 128 10 129 142 78 47 63 48 115 142 162 88 94 136 107 0 127 168 139 103 118 105 104 141 95 108 60 87 14 28 40 78 129 89 25 127 0 61 67 98 124 22 128 134 76 40 74 73 64 79 29 138 189 65 85 168 61 0 123 159 115 79 128 115 85 60 109 133 73 45 96 54 92 153 54 139 67 123 0 55 181 64 181 196 132 100 110 53 96 89 136 25 37 168 74 103 98 159 55 0 181 82 176 200 135 116 100 29 112 152 131 157 193 51 128 118 124 115 181 181 0 118 18 23 49 84 81 153 15 40 62 60 110 91 10 105 22 79 64 82 118 0 119 132 69 37 56 54 116 156 140 151 184 65 129 104 128 128 181 176 18 119 0 40 52 89 75 148 124 163 134 175 214 50 142 141 134 115 196 200 23 132 40 0 65 96 102 171 64 104 91 111 152 41 78 95 76 85 132 135 49 69 52 65 0 37 41 106 28 68 58 92 140 54 47 108 40 60 100 116 84 37 89 96 37 0 49 87 61 96 105 76 112 81 63 60 74 109 110 100 81 56 75 102 41 49 0 72 69 72 113 5 56 139 48 87 73 133 53 29 153 54 148 171 106 87 72 0</nodesMatrixCost>

  <usersMatrixCost>184 39 65 139 101 85 119 65 36 20 13 102 29 147 61 69 74 82 101 119 127 125 129 85 108 34 57 152 113 82 154 80 126 161 175 60 97 38 47 88 128 35 30 112 156 150 56 134 102 176 98 70 94 71 59 35 154 18 86 135 74 115 126 78 19 71 59 71 40 178 101 99 125 56 86 162 116 151 157 135 123 19 33 157 156 59 124 128 107 162 184 9 124 83 88 139 170 84 69 137 182 170 107 163 69 195 145 107 51 49 111 85 197 100 50 123 126 32 90 62 109 68 63 131 105 78 17 32 54 114 111 44 122 64 63 49 71 105 103 116 38 112 171 26 132 130 132 124 43 38 30 55 53 70 49 57 92 93 52 67 135 117 33 15 142 104 53 46 235 151 96 152 171 67 119 108 159 113 113 178 153 65 68 77 75 162 154 8 158 72 64 61 99 155 154 135 13 160 212 48 172 150 141 175 70 87 80 65 12 111 100 74 84 95 84 63 182 111 30 63 192 153 83 91 70 83 94 77 18 122 90 82 101 135 114 15 121 167 129 113 177 35 37 181 55 138 148 182 101 98 60 110 176 35 39 166 37 107 136 78 122 127 123 188 185 150 112 127 162 144 162 153 15 163 177 129 40 46 166 137 164 48 30 108 83 52 85 32 59 43 23 87 62 116 36 36 76 68 76 97 99 91 96 82 73 55 52 118 91 67 135 68 101 128 141 71 64 25 25 87 105 56 11 79 123 115 61 101 90 141 83 42 91 57 65 36 159 145 78 71 123 60 46 84 163 144 129 131 169 38 90 74 141 124 100 88 86 24 31 134 39 158 133 43 88 121 143 111 105 58 47 164 47 113 101 140 84 152 113 31 26 9 138 32 137 34 106 81 158 122 140 126 156 22 49 114 72 76 97 44 36 46 26 74 45 139 61 60 93 54 73 122 100 113 119 102 89 31 31 130 116 54 126 91 97 138 155 46 86 46 49 106 130 61 31 100 145 135 77 124 75 161 107 67 70 43 80 52 132 41 99 129 61 130 127 89 48 99 84 55 69 189 121 115 152 47 79 182 108 161 169 161 129 48 37 156 176 51 103 152 95 159 183 20 137 107 110 165 189 113 92 148 191 177 134 175 51 201 168 126 26 47 138 111 218 83 76 158 136 79 130 83 80 26 41 139 67 132 49 68 29 119 130 89 151 117 117 41 114 78 98 161 83 119 188 44 155 173 180 105 92 31 41 43 99 19 43 108 146 145 11 121 141 170 63 58 137 108 15 17 222 119 74 146 150 54 113 87 125 77 78 156 117 85 40 57 42 138 136 33 147 79 75 31 93 121 125 137 28 136 196 11 157 151 150 143 64 53 49 37 44 74 67 75 102 107 48 78 159 129 9 40 164 128 47 55 42 125 109 47 56 128 76 99 145 168 146 61 163 155 145 125 201 75 52 185 35 129 140 202 94 141 101 80 181 73 28 182 27 72 101 126 123 151 144 208 186 182 139 121 144 125 188 143 64 137 188 142 91 84 191 164 154 44 27 100 74 54 78 25 58 51 30 77 64 116 43 37 86 58 67 103 90 91 97 91 69 54 44 112 97 57 125 77 91 121 136 67 64 35 33 97 110 65 21 77 122 113 71 102 80 139 91 47 83 47 75 46 55 133 106 33 67 122 65 98 153 170 149 73 170 141 142 121 199 84 56 176 30 117 128 199 85 149 109 64 173 82 46 178 33 54 83 136 115 151 142 205 176 184 140 111 129 110 187 131 77 121 182 137 104 92 190 164 22 132 127 70 62 148 99 116 151 180 158 64 170 178 163 144 217 82 66 206 57 152 162 219 116 147 108 103 202 81 12 200 43 94 123 128 144 166 160 225 208 195 153 143 167 148 203 166 65 160 208 161 89 92 206 178 87 82 62 44 28 85 49 51 102 119 97 37 118 126 98 79 152 37 6 144 25 97 108 154 60 98 59 73 140 34 60 135 23 74 100 89 83 102 95 160 147 133 90 86 121 104 139 113 42 124 143 96 67 42 142 114 118 46 45 78 36 75 69 32 66 84 63 40 81 131 76 63 124 22 33 132 62 102 111 129 69 61 25 100 127 20 88 113 58 105 126 57 79 73 69 134 138 99 58 89 131 117 109 116 43 141 124 77 53 14 112 83 123 90 34 48 66 47 22 31 109 105 85 74 119 86 67 46 124 65 44 104 47 57 67 123 21 104 74 56 100 62 99 102 59 65 81 106 42 80 70 130 106 117 72 45 83 68 114 72 79 92 107 62 98 62 117 94 193 95 45 119 121 29 88 57 104 65 59 127 101 80 12 28 55 109 107 49 119 65 64 52 69 100 98 115 43 107 167 30 128 128 131 119 42 34 25 58 57 68 44 56 93 93 51 68 130 117 38 11 137 99 53 43</usersMatrixCost>

  <availabilityMatrix>false false false false false false false false false true true false true false false false false false false false false false false false false false false false false false false false false false false false false false false false false false false false false false false false false false false false false false false false false true false false false false false false true false false false false false false false false false false false false false false false false true false false false false false false false false false true false false false false false false false false false false false false false false false false false false false false false false false false false false false false false false false false false false true false false false false false false false false false false false false false false false false false false false false false false false false false false false false false false false false false false false false true false false false false false false false false false false false false false false false false false false false false false false false true false false false false false false false false true false false false false false false false false false false false true false false false false false false false false false false false false false false false false false false false true false false false false false false true false false false false false false false false false false false false false false false false false false false false false false false false false false false false false false false false false false false false true false false false false false false false false false false false false false false false false false false false false false false false false false false false false false false false false false false false false false false false false false false false false true true false false false true false false false false false false false false false false false false false false false false false false false false false false false false false false true false false false false false false false true true false false false false true false false false false false false true false false false false false false false false true true true false true false true false false false false false false false false false false false false false false false false false false false false false false false false false false false false false false false false false false false false false false false false false false false false false false false false false false false false false false false false false false false false false false false false false false false false false false false false false false false false false false false false false false false false false false false false false false false false false false false false false false false false false false false false false false false false false false false false false false true false false false false false false false false false false false false false false false false false false false true false false false false false false false false false false false false false false false false false false false false false false false false true false false false false true false false false false false false false true true false false false false false false false false false false false false false false false false false false false false false false false true false false false false false false false true false false false false false false false true false false false false false false false false false false true false false false false false false false false false false false false false false false false false false false false false false false false false false false false false false false false false false false false false false false false false false false false false false false false false false false false false false false false false false false false false false false true false false false false true false false false false false false false false false false false false false false false false false false false false false false false false false false false false false false false false false false false false false false false false false false false false false false false false false false false true false false false false false false false false false false false false false false false false false false false false false false false false false false false false false true false false false false false false false false false false false false false false false false false false false false false false true false false false false false false false false false false false false false false false false false false false false false false false false false false false false false true false false false false false false false false false false false false false false false false false false false false false false false false false false false false false false false false false false false false false false false false false false false true false true false false false false false false false false false false false true false false false false false false false false false false false false false false false false false false false false false false false false false false false false false false false false false false false false false false false false true false false false false false false false false true false false true false false false false false false false false false false false false false false false false false false false false false false false true false false false false false false false false true false false false false false false false false false false false false false false false false false true false false false false false false false false false false false true false false false false false false false false false false false false false false false false false false false false false false false false true false false false false false false false false true true false false false false false false false false false false false false false false false false false false false false true false true false false false false false false false false false false false false true false false false false</availabilityMatrix>

  <nodesCoords>4294967263 33 4294967268 73 4294967220 55 41 42 92 40 4294967212 4294967267 4294967284 42 51 4294967251 4294967259 46 4294967199 35 14 89 60 58 4294967233 4294967221 4294967278 34 4294967250 4294967214 4294967210 4294967217 4294967253 4294967266 4294967252 7 4294967293 4294967276 36 41</nodesCoords>

  <usersCoords>4294967197 4294967199 4294967237 50 0 14 4294967279 4294967230 4294967227 4294967277 31 12 5 4294967255 4294967284 10 4294967232 70 4294967284 85 4294967278 64 4294967219 4294967280 4294967243 88 83 4294967272 24 41 17 21 42 96 4294967231 0 4294967249 4294967270 85 36 4294967261 4294967242 54 4294967275 64 4294967279 55 89 17 4294967271 4294967235 66 4294967235 26 17 4294967224 79 38 4294967234 4294967294 4294967206 4294967228 52 66 4294967242 4294967246 8 4294967212 37 4294967206 4294967213 49 35 4294967295 7 59 12 48 57 95 92 28 4294967293 97 4294967289 52 42 4294967281 77 4294967253 59 4294967247 25 91 69 4294967277 4294967214 4294967282 74 4294967226 69 59 29 33 4294967199 9 4294967238 9 28 93 7 73</usersCoords>

</TPPInPutXML>
